Filename = i1q3_hires.npy
kw15 = np.array([[ 3.07324713e-02,  2.75489847e-02,  2.46610127e-02,  2.20629272e-02,
   1.97193646e-02,  1.75907873e-02,  1.56421448e-02,  1.38442763e-02,
   1.21731367e-02,  1.06085980e-02,  9.13337200e-03,  7.73243862e-03,
   6.39258783e-03,  5.10204171e-03,  3.85035978e-03,  2.62820427e-03,
   1.42715944e-03,  2.39718871e-04, -9.40932576e-04, -2.12092651e-03,
   3.30707837e-03,  4.50284142e-03,  5.71308224e-03,  6.94184151e-03,
   8.19272254e-03,  9.46882393e-03,  1.07726891e-02,  1.21062518e-02,
   1.34706281e-02,  1.48659151e-02,  1.62909149e-02,  1.77427536e-02,
   1.92164313e-02,  2.07042511e-02,  2.21946049e-02,  2.36698878e-02,
   2.51020367e-02,  2.64449692e-02,  2.76246421e-02],
 [ 8.16895863e-04,  7.68107375e-04,  7.11577795e-04,  6.56670799e-04,
   6.05279284e-04,  5.56845976e-04,  5.10462917e-04,  4.65475416e-04,
   4.21497938e-04,  3.78312900e-04,  3.35785115e-04,  2.93793500e-04,
   2.52214265e-04,  2.10924813e-04,  1.69800222e-04,  1.28715077e-04,
   8.75552558e-05,  4.62087317e-05,  4.57689408e-06,  0.00000000e+00,
  -1.96399858e-09,  1.04649608e-09,  1.71504590e-09,  2.17556787e-09,
   2.85288172e-09,  4.35874529e-09,  2.72804681e-09,  1.96576747e-09,
   8.19746440e-10, -1.20371157e-09, -3.90805712e-09, -7.30206732e-09,
  -1.54658462e-08, -2.17164226e-08, -2.21682044e-08, -3.28254413e-08,
  -4.09387623e-08, -4.10870884e-08, -4.48576694e-08],
 [ 9.05069873e-02,  8.87314820e-02,  8.70254678e-02,  8.53905738e-02,
   8.38223806e-02,  8.23156023e-02,  8.08657077e-02,  7.94690011e-02,
   7.81224587e-02,  7.68234207e-02,  7.55694828e-02,  7.43584467e-02,
   7.31882255e-02,  7.20568769e-02,  7.09625864e-02,  6.99036656e-02,
   6.88785191e-02,  6.78856921e-02,  6.69237994e-02,  6.59915527e-02,
   6.50834264e-02,  6.41998203e-02,  6.33397701e-02,  6.25023101e-02,
   6.16865726e-02,  6.08916911e-02,  6.01168244e-02,  5.93611817e-02,
   5.86239645e-02,  5.79043357e-02,  5.72015027e-02,  5.65145224e-02,
   5.58424041e-02,  5.51839176e-02,  5.45375667e-02,  5.39014138e-02,
   5.32728296e-02,  5.26482207e-02,  5.20225724e-02]])
spec = np.array([[-3.03781625e-02, -2.71946952e-02, -2.43067666e-02, -2.17086990e-02,
  -1.93651577e-02, -1.72365997e-02, -1.52879653e-02, -1.34901033e-02,
  -1.18189766e-02, -1.02544319e-02, -8.77921288e-03, -7.37828488e-03,
  -6.03843281e-03, -4.74789756e-03, -3.49621907e-03, -2.27405554e-03,
  -1.07302130e-03,  1.14428789e-04,  1.29507326e-03,  2.47506775e-03,
  -3.66127843e-03, -4.85703276e-03, -6.06726674e-03, -7.29603591e-03,
  -8.54690998e-03, -9.82300928e-03, -1.11268750e-02, -1.24604318e-02,
  -1.38247981e-02, -1.52200872e-02, -1.66450810e-02, -1.80969078e-02,
  -1.95705815e-02, -2.10583829e-02, -2.25487289e-02, -2.40240106e-02,
  -2.54561517e-02, -2.67990800e-02, -2.79787666e-02],
 [-8.10570532e-04, -7.61785986e-04, -7.05258111e-04, -6.50357140e-04,
  -5.98968048e-04, -5.50535737e-04, -5.04156470e-04, -4.59171808e-04,
  -4.15194878e-04, -3.72014827e-04, -3.29488050e-04, -2.87498417e-04,
  -2.45923251e-04, -2.04637602e-04, -1.63514088e-04, -1.22430468e-04,
  -8.12717275e-05, -3.99287658e-05,  1.70190734e-06,  0.00000000e+00,
  -2.70896891e-08, -2.71480241e-08, -2.88779841e-08, -3.51351293e-08,
  -3.55784291e-08, -3.97221959e-08, -4.37436168e-08, -4.76400684e-08,
  -5.46185802e-08, -6.03560931e-08, -6.56756500e-08, -7.78200583e-08,
  -8.54082890e-08, -9.39868660e-08, -1.07906323e-07, -1.17530423e-07,
  -1.26968561e-07, -1.37720629e-07, -1.40266562e-07],
 [ 8.94742981e-02,  8.79161886e-02,  8.64096816e-02,  8.49467085e-02,
   8.35256918e-02,  8.21462841e-02,  8.08077948e-02,  7.95090256e-02,
   7.82484404e-02,  7.70244105e-02,  7.58353396e-02,  7.46797014e-02,
   7.35560450e-02,  7.24630038e-02,  7.13992709e-02,  7.03636285e-02,
   6.93548843e-02,  6.83719264e-02,  6.74136658e-02,  6.64790680e-02,
   6.55709274e-02,  6.46873264e-02,  6.38272651e-02,  6.29898163e-02,
   6.21740716e-02,  6.13791883e-02,  6.06043275e-02,  5.98486685e-02,
   5.91114465e-02,  5.83918193e-02,  5.76889738e-02,  5.70019912e-02,
   5.63298693e-02,  5.56713766e-02,  5.50250099e-02,  5.43888411e-02,
   5.37602481e-02,  5.31356352e-02,  5.25099828e-02]])
nextToPFC = np.array([[-3.07322942e-02, -2.75488269e-02, -2.46608982e-02, -2.20628307e-02,
  -1.97192894e-02, -1.75907314e-02, -1.56420970e-02, -1.38442350e-02,
  -1.21731082e-02, -1.06085636e-02, -9.13334454e-03, -7.73241654e-03,
  -6.39256447e-03, -5.10202922e-03, -3.85035074e-03, -2.62818720e-03,
  -1.42715297e-03, -2.39702872e-04,  9.40941597e-04,  2.12093609e-03,
  -3.30709160e-03, -4.50284594e-03, -5.71307991e-03, -6.94184909e-03,
  -8.19272316e-03, -9.46882245e-03, -1.07726882e-02, -1.21062450e-02,
  -1.34706113e-02, -1.48659004e-02, -1.62908941e-02, -1.77427210e-02,
  -1.92163947e-02, -2.07041960e-02, -2.21945421e-02, -2.36698238e-02,
  -2.51019649e-02, -2.64448932e-02, -2.76245798e-02],
 [-8.16821391e-04, -7.68036845e-04, -7.11508971e-04, -6.56607999e-04,
  -6.05218907e-04, -5.56786597e-04, -5.10407329e-04, -4.65422668e-04,
  -4.21445738e-04, -3.78265686e-04, -3.35738910e-04, -2.93749277e-04,
  -2.52174110e-04, -2.10888461e-04, -1.69764947e-04, -1.28681327e-04,
  -8.75225868e-05, -4.61796252e-05, -4.54895198e-06,  0.00000000e+00,
  -2.70896891e-08, -2.71480241e-08, -2.88779841e-08, -3.51351293e-08,
  -3.55784291e-08, -3.97221959e-08, -4.37436168e-08, -4.76400684e-08,
  -5.46185802e-08, -6.03560931e-08, -6.56756500e-08, -7.78200583e-08,
  -8.54082890e-08, -9.39868660e-08, -1.07906323e-07, -1.17530423e-07,
  -1.26968561e-07, -1.37720629e-07, -1.40266562e-07],
 [ 8.95893804e-02,  8.80312709e-02,  8.65247639e-02,  8.50617908e-02,
   8.36407741e-02,  8.22613664e-02,  8.09228770e-02,  7.96241079e-02,
   7.83635227e-02,  7.71394928e-02,  7.59504219e-02,  7.47947837e-02,
   7.36711273e-02,  7.25780861e-02,  7.15143532e-02,  7.04787108e-02,
   6.94699666e-02,  6.84870087e-02,  6.75287480e-02,  6.65941503e-02,
   6.56860097e-02,  6.48024087e-02,  6.39423474e-02,  6.31048986e-02,
   6.22891539e-02,  6.14942705e-02,  6.07194098e-02,  5.99637508e-02,
   5.92265288e-02,  5.85069016e-02,  5.78040561e-02,  5.71170735e-02,
   5.64449516e-02,  5.57864588e-02,  5.51400921e-02,  5.45039233e-02,
   5.38753304e-02,  5.32507174e-02,  5.26250651e-02]])
hallprobe = np.array([[-3.09511596e-02, -2.77676923e-02, -2.48797637e-02, -2.22816961e-02,
  -1.99381548e-02, -1.78095968e-02, -1.58609624e-02, -1.40631004e-02,
  -1.23919736e-02, -1.08274290e-02, -9.35220994e-03, -7.95128194e-03,
  -6.61142987e-03, -5.32089463e-03, -4.06921614e-03, -2.84705260e-03,
  -1.64601837e-03, -4.58568276e-04,  7.22076194e-04,  1.90207069e-03,
  -3.08819211e-03, -4.28394644e-03, -5.49418041e-03, -6.72294959e-03,
  -7.97382366e-03, -9.24992296e-03, -1.05537887e-02, -1.18873455e-02,
  -1.32517118e-02, -1.46470009e-02, -1.60719946e-02, -1.75238215e-02,
  -1.89974952e-02, -2.04852965e-02, -2.19756426e-02, -2.34509243e-02,
  -2.48830654e-02, -2.62259937e-02, -2.74056803e-02],
 [-8.20684635e-04, -7.71900089e-04, -7.15372214e-04, -6.60471243e-04,
  -6.09082151e-04, -5.60649840e-04, -5.14270573e-04, -4.69285911e-04,
  -4.25308981e-04, -3.82128929e-04, -3.39602153e-04, -2.97612520e-04,
  -2.56037354e-04, -2.14751704e-04, -1.73628190e-04, -1.32544571e-04,
  -9.13858303e-05, -5.00428687e-05, -8.41219550e-06,  0.00000000e+00,
  -2.70896891e-08, -2.71480241e-08, -2.88779841e-08, -3.51351293e-08,
  -3.55784291e-08, -3.97221959e-08, -4.37436168e-08, -4.76400684e-08,
  -5.46185802e-08, -6.03560931e-08, -6.56756500e-08, -7.78200583e-08,
  -8.54082890e-08, -9.39868660e-08, -1.07906323e-07, -1.17530423e-07,
  -1.26968561e-07, -1.37720629e-07, -1.40266562e-07],
 [ 8.92880910e-02,  8.77299816e-02,  8.62234746e-02,  8.47605015e-02,
   8.33394847e-02,  8.19600771e-02,  8.06215877e-02,  7.93228185e-02,
   7.80622334e-02,  7.68382035e-02,  7.56491326e-02,  7.44934944e-02,
   7.33698380e-02,  7.22767968e-02,  7.12130639e-02,  7.01774215e-02,
   6.91686773e-02,  6.81857194e-02,  6.72274587e-02,  6.62928610e-02,
   6.53847204e-02,  6.45011193e-02,  6.36410580e-02,  6.28036093e-02,
   6.19878646e-02,  6.11929812e-02,  6.04181204e-02,  5.96624615e-02,
   5.89252395e-02,  5.82056123e-02,  5.75027668e-02,  5.68157842e-02,
   5.61436623e-02,  5.54851695e-02,  5.48388028e-02,  5.42026340e-02,
   5.35740411e-02,  5.29494281e-02,  5.23237757e-02]])
kw15_slopes = np.array([[ 3.18348665e-01,  2.88797198e-01,  2.59808546e-01,  2.34356259e-01,
   2.12857731e-01,  1.94864257e-01,  1.79786845e-01,  1.67113956e-01,
   1.56453880e-01,  1.47522596e-01,  1.40093338e-01,  1.33985079e-01,
   1.29054611e-01,  1.25168193e-01,  1.22215552e-01,  1.20104483e-01,
   1.18744057e-01,  1.18065145e-01,  1.17999393e-01, -5.42800488e-01,
  -1.19576305e-01, -1.21024082e-01, -1.22875927e-01, -1.25088103e-01,
  -1.27610139e-01, -1.30386521e-01, -1.33356269e-01, -1.36437630e-01,
  -1.39528695e-01, -1.42499980e-01, -1.45183873e-01, -1.47367773e-01,
  -1.48781980e-01, -1.49035372e-01, -1.47528294e-01, -1.43214886e-01,
  -1.34293258e-01, -1.17967289e-01],
 [ 4.87884874e-03,  5.65295806e-03,  5.49069959e-03,  5.13915151e-03,
   4.84333077e-03,  4.63830594e-03,  4.49875009e-03,  4.39774776e-03,
   4.31850380e-03,  4.25277848e-03,  4.19916157e-03,  4.15792343e-03,
   4.12894522e-03,  4.11245910e-03,  4.10851454e-03,  4.11598211e-03,
   4.13465241e-03,  4.16318376e-03,  4.57689408e-04,  1.96399858e-07,
  -3.01049467e-07, -6.68549816e-08, -4.60521971e-08, -6.77313845e-08,
  -1.50586358e-07,  1.63069848e-07,  7.62279338e-08,  1.14602103e-07,
   2.02345801e-07,  2.70434555e-07,  3.39401020e-07,  8.16377884e-07,
   6.25057649e-07,  4.51781709e-08,  1.06572369e-06,  8.11332102e-07,
   1.48326129e-08,  3.77058096e-07],
 [ 1.77550526e-01,  1.70601418e-01,  1.63489400e-01,  1.56819325e-01,
   1.50677824e-01,  1.44989466e-01,  1.39670662e-01,  1.34654235e-01,
   1.29903801e-01,  1.25393787e-01,  1.21103610e-01,  1.17022121e-01,
   1.13134864e-01,  1.09429048e-01,  1.05892076e-01,  1.02514651e-01,
   9.92827041e-02,  9.61892691e-02,  9.32246735e-02,  9.08126216e-02,
   8.83606160e-02,  8.60050217e-02,  8.37459926e-02,  8.15737502e-02,
   7.94881500e-02,  7.74866691e-02,  7.55642709e-02,  7.37217286e-02,
   7.19628713e-02,  7.02833073e-02,  6.86980252e-02,  6.72118297e-02,
   6.58486522e-02,  6.46350855e-02,  6.36152991e-02,  6.28584128e-02,
   6.24608920e-02,  6.25648308e-02]])
spec_slopes = np.array([[-3.18346730e-01, -2.88792865e-01, -2.59806755e-01, -2.34354130e-01,
  -2.12855799e-01, -1.94863441e-01, -1.79786202e-01, -1.67112673e-01,
  -1.56454465e-01, -1.47521905e-01, -1.40092800e-01, -1.33985207e-01,
  -1.29053525e-01, -1.25167849e-01, -1.22216353e-01, -1.20103424e-01,
  -1.18745009e-01, -1.18064447e-01, -1.17999449e-01,  6.13634618e-01,
   1.19575433e-01,  1.21023397e-01,  1.22876918e-01,  1.25087407e-01,
   1.27609929e-01,  1.30386573e-01,  1.33355680e-01,  1.36436631e-01,
   1.39528910e-01,  1.42499373e-01,  1.45182683e-01,  1.47367372e-01,
   1.48780137e-01,  1.49034601e-01,  1.47528173e-01,  1.43214112e-01,
   1.34292832e-01,  1.17968654e-01],
 [-4.87845463e-03, -5.65278744e-03, -5.49009716e-03, -5.13890918e-03,
  -4.84323107e-03, -4.63792674e-03, -4.49846614e-03, -4.39769303e-03,
  -4.31800516e-03, -4.25267762e-03, -4.19896331e-03, -4.15751663e-03,
  -4.12856494e-03, -4.11235139e-03, -4.10836195e-03, -4.11587406e-03,
  -4.13429616e-03, -4.16306732e-03,  1.70190734e-04,  2.70896891e-06,
   5.83349995e-09,  1.72995999e-07,  6.25714527e-07,  4.43299757e-08,
   4.14376680e-07,  4.02142095e-07,  3.89645160e-07,  6.97851171e-07,
   5.73751296e-07,  5.31955687e-07,  1.21444083e-06,  7.58823064e-07,
   8.57857702e-07,  1.39194569e-06,  9.62410050e-07,  9.43813748e-07,
   1.07520680e-06,  2.54593296e-07],
 [ 1.55810948e-01,  1.50650698e-01,  1.46297310e-01,  1.42101674e-01,
   1.37940765e-01,  1.33848935e-01,  1.29876919e-01,  1.26058513e-01,
   1.22402990e-01,  1.18907094e-01,  1.15563818e-01,  1.12365642e-01,
   1.09304120e-01,  1.06373286e-01,  1.03564240e-01,  1.00874420e-01,
   9.82957896e-02,  9.58260673e-02,  9.34597739e-02,  9.08140597e-02,
   8.83601054e-02,  8.60061300e-02,  8.37448731e-02,  8.15744721e-02,
   7.94883360e-02,  7.74860790e-02,  7.55658969e-02,  7.37221969e-02,
   7.19627246e-02,  7.02845473e-02,  6.86982570e-02,  6.72121946e-02,
   6.58492731e-02,  6.46366700e-02,  6.36168801e-02,  6.28592933e-02,
   6.24612978e-02,  6.25652378e-02]])
nextToPFC_slopes = np.array([[-3.18346730e-01, -2.88792865e-01, -2.59806755e-01, -2.34354130e-01,
  -2.12855799e-01, -1.94863441e-01, -1.79786202e-01, -1.67112673e-01,
  -1.56454465e-01, -1.47521905e-01, -1.40092800e-01, -1.33985207e-01,
  -1.29053525e-01, -1.25167849e-01, -1.22216353e-01, -1.20103424e-01,
  -1.18745009e-01, -1.18064447e-01, -1.17999449e-01,  5.42802769e-01,
   1.19575433e-01,  1.21023397e-01,  1.22876918e-01,  1.25087407e-01,
   1.27609929e-01,  1.30386573e-01,  1.33355680e-01,  1.36436631e-01,
   1.39528910e-01,  1.42499373e-01,  1.45182683e-01,  1.47367372e-01,
   1.48780137e-01,  1.49034601e-01,  1.47528173e-01,  1.43214112e-01,
   1.34292832e-01,  1.17968654e-01],
 [-4.87845463e-03, -5.65278744e-03, -5.49009716e-03, -5.13890918e-03,
  -4.84323107e-03, -4.63792674e-03, -4.49846614e-03, -4.39769303e-03,
  -4.31800516e-03, -4.25267762e-03, -4.19896331e-03, -4.15751663e-03,
  -4.12856494e-03, -4.11235139e-03, -4.10836195e-03, -4.11587406e-03,
  -4.13429616e-03, -4.16306732e-03, -4.54895198e-04,  2.70896891e-06,
   5.83349995e-09,  1.72995999e-07,  6.25714527e-07,  4.43299757e-08,
   4.14376680e-07,  4.02142095e-07,  3.89645160e-07,  6.97851171e-07,
   5.73751296e-07,  5.31955687e-07,  1.21444083e-06,  7.58823064e-07,
   8.57857702e-07,  1.39194569e-06,  9.62410050e-07,  9.43813748e-07,
   1.07520680e-06,  2.54593296e-07],
 [ 1.55810948e-01,  1.50650698e-01,  1.46297310e-01,  1.42101674e-01,
   1.37940765e-01,  1.33848935e-01,  1.29876919e-01,  1.26058513e-01,
   1.22402990e-01,  1.18907094e-01,  1.15563818e-01,  1.12365642e-01,
   1.09304120e-01,  1.06373286e-01,  1.03564240e-01,  1.00874420e-01,
   9.82957896e-02,  9.58260673e-02,  9.34597739e-02,  9.08140597e-02,
   8.83601054e-02,  8.60061300e-02,  8.37448731e-02,  8.15744721e-02,
   7.94883360e-02,  7.74860790e-02,  7.55658969e-02,  7.37221969e-02,
   7.19627246e-02,  7.02845473e-02,  6.86982570e-02,  6.72121946e-02,
   6.58492731e-02,  6.46366700e-02,  6.36168801e-02,  6.28592933e-02,
   6.24612978e-02,  6.25652378e-02]])
hallprobe_slopes = np.array([[-3.18346730e-01, -2.88792865e-01, -2.59806755e-01, -2.34354130e-01,
  -2.12855799e-01, -1.94863441e-01, -1.79786202e-01, -1.67112673e-01,
  -1.56454465e-01, -1.47521905e-01, -1.40092800e-01, -1.33985207e-01,
  -1.29053525e-01, -1.25167849e-01, -1.22216353e-01, -1.20103424e-01,
  -1.18745009e-01, -1.18064447e-01, -1.17999449e-01,  4.99026279e-01,
   1.19575433e-01,  1.21023397e-01,  1.22876918e-01,  1.25087407e-01,
   1.27609929e-01,  1.30386573e-01,  1.33355680e-01,  1.36436631e-01,
   1.39528910e-01,  1.42499373e-01,  1.45182683e-01,  1.47367372e-01,
   1.48780137e-01,  1.49034601e-01,  1.47528173e-01,  1.43214112e-01,
   1.34292832e-01,  1.17968654e-01],
 [-4.87845463e-03, -5.65278744e-03, -5.49009716e-03, -5.13890918e-03,
  -4.84323107e-03, -4.63792674e-03, -4.49846614e-03, -4.39769303e-03,
  -4.31800516e-03, -4.25267762e-03, -4.19896331e-03, -4.15751663e-03,
  -4.12856494e-03, -4.11235139e-03, -4.10836195e-03, -4.11587406e-03,
  -4.13429616e-03, -4.16306732e-03, -8.41219550e-04,  2.70896891e-06,
   5.83349995e-09,  1.72995999e-07,  6.25714527e-07,  4.43299757e-08,
   4.14376680e-07,  4.02142095e-07,  3.89645160e-07,  6.97851171e-07,
   5.73751296e-07,  5.31955687e-07,  1.21444083e-06,  7.58823064e-07,
   8.57857702e-07,  1.39194569e-06,  9.62410050e-07,  9.43813748e-07,
   1.07520680e-06,  2.54593296e-07],
 [ 1.55810948e-01,  1.50650698e-01,  1.46297310e-01,  1.42101674e-01,
   1.37940765e-01,  1.33848935e-01,  1.29876919e-01,  1.26058513e-01,
   1.22402990e-01,  1.18907094e-01,  1.15563818e-01,  1.12365642e-01,
   1.09304120e-01,  1.06373286e-01,  1.03564240e-01,  1.00874420e-01,
   9.82957896e-02,  9.58260673e-02,  9.34597739e-02,  9.08140597e-02,
   8.83601054e-02,  8.60061300e-02,  8.37448731e-02,  8.15744721e-02,
   7.94883360e-02,  7.74860790e-02,  7.55658969e-02,  7.37221969e-02,
   7.19627246e-02,  7.02845473e-02,  6.86982570e-02,  6.72121946e-02,
   6.58492731e-02,  6.46366700e-02,  6.36168801e-02,  6.28592933e-02,
   6.24612978e-02,  6.25652378e-02]])
Filename = i1q3_hires_max.npy
kw15 = np.array([[ 2.17603468e-01,  1.95000669e-01,  1.74496166e-01,  1.56049769e-01,
   1.39410471e-01,  1.24297558e-01,  1.10462160e-01,  9.76972849e-02,
   8.58322153e-02,  7.47240170e-02,  6.42498324e-02,  5.43032520e-02,
   4.47902655e-02,  3.56274431e-02,  2.67404972e-02,  1.80631719e-02,
   9.53576025e-03,  1.10494729e-03, -7.27768487e-03, -1.56556610e-02,
   2.40774033e-02,  3.25673479e-02,  4.11600127e-02,  4.98842369e-02,
   5.87655024e-02,  6.78257791e-02,  7.70832743e-02,  8.65515586e-02,
   9.62385694e-02,  1.06145136e-01,  1.16262660e-01,  1.26570696e-01,
   1.37033830e-01,  1.47597292e-01,  1.58178863e-01,  1.68653364e-01,
   1.78821660e-01,  1.88356473e-01,  1.96732126e-01],
 [ 5.78940965e-03,  5.44302908e-03,  5.04166270e-03,  4.65182829e-03,
   4.28692717e-03,  3.94306227e-03,  3.61375411e-03,  3.29433895e-03,
   2.98209425e-03,  2.67548104e-03,  2.37354211e-03,  2.07539780e-03,
   1.78018984e-03,  1.48703838e-03,  1.19504103e-03,  9.03342100e-04,
   6.11098759e-04,  3.17546650e-04,  2.19546267e-05,  0.00000000e+00,
  -9.04894766e-09,  5.58226004e-10,  1.13912400e-08,  2.02239138e-08,
   2.35629421e-08,  1.76508229e-08,  1.74531412e-08,  1.72077761e-08,
   1.09797690e-08, -1.62544969e-08, -2.25565984e-08, -5.83141185e-08,
  -1.10416170e-07, -1.53535064e-07, -1.66065451e-07, -2.27581744e-07,
  -2.86710170e-07, -2.94675936e-07, -3.19195740e-07],
 [ 6.53590520e-01,  6.40814967e-01,  6.28538960e-01,  6.16773880e-01,
   6.05487791e-01,  5.94642960e-01,  5.84206989e-01,  5.74153380e-01,
   5.64460398e-01,  5.55108985e-01,  5.46081917e-01,  5.37363240e-01,
   5.28938162e-01,  5.20792441e-01,  5.12913380e-01,  5.05288535e-01,
   4.97906617e-01,  4.90757172e-01,  4.83830142e-01,  4.77116325e-01,
   4.70576252e-01,  4.64212887e-01,  4.58018997e-01,  4.51988020e-01,
   4.46113362e-01,  4.40388828e-01,  4.34808652e-01,  4.29366768e-01,
   4.24057466e-01,  4.18875067e-01,  4.13813411e-01,  4.08866108e-01,
   4.04025721e-01,  3.99283537e-01,  3.94628768e-01,  3.90047385e-01,
   3.85520454e-01,  3.81022332e-01,  3.76516596e-01]])
spec = np.array([[-2.17248104e-01, -1.94645498e-01, -1.74141199e-01, -1.55694904e-01,
  -1.39055767e-01, -1.23943020e-01, -1.10107641e-01, -9.73429095e-02,
  -8.54778845e-02, -7.43696287e-02, -6.38955669e-02, -5.39489986e-02,
  -4.44359899e-02, -3.52732289e-02, -2.63863115e-02, -1.77089359e-02,
  -9.18154779e-03, -7.50705443e-04,  7.63190412e-03,  1.60097959e-02,
  -2.44316553e-02, -3.29216055e-02, -4.15142592e-02, -5.02384578e-02,
  -5.91197021e-02, -6.81800151e-02, -7.74374035e-02, -8.69057068e-02,
  -9.65927183e-02, -1.06499199e-01, -1.16616665e-01, -1.26924655e-01,
  -1.37387761e-01, -1.47951147e-01, -1.58532561e-01, -1.69007055e-01,
  -1.79175290e-01, -1.88710109e-01, -1.97085793e-01],
 [-5.78265201e-03, -5.43626650e-03, -5.03493702e-03, -4.64512892e-03,
  -4.28025484e-03, -3.93640200e-03, -3.60711457e-03, -3.28770789e-03,
  -2.97548422e-03, -2.66887817e-03, -2.36696357e-03, -2.06882971e-03,
  -1.77364742e-03, -1.48051631e-03, -1.18853666e-03, -8.96856462e-04,
  -6.04629072e-04, -3.11087455e-04, -1.55003293e-05,  0.00000000e+00,
  -1.86709658e-07, -2.14615208e-07, -1.96936076e-07, -2.35149865e-07,
  -2.59500747e-07, -2.76881947e-07, -3.05254257e-07, -3.45542246e-07,
  -3.96894388e-07, -4.24290424e-07, -4.72542356e-07, -5.58398769e-07,
  -6.06607653e-07, -6.69599012e-07, -7.69545057e-07, -8.31875095e-07,
  -9.07224407e-07, -9.80083901e-07, -9.88665313e-07],
 [ 6.43284714e-01,  6.32052631e-01,  6.21193219e-01,  6.10648668e-01,
   6.00407547e-01,  5.90467033e-01,  5.80822120e-01,  5.71463824e-01,
   5.62381122e-01,  5.53562298e-01,  5.44995749e-01,  5.36670422e-01,
   5.28575886e-01,  5.20702198e-01,  5.13040049e-01,  5.05580538e-01,
   4.98315167e-01,  4.91235675e-01,  4.84334481e-01,  4.77603932e-01,
   4.71063858e-01,  4.64700509e-01,  4.58506636e-01,  4.52475528e-01,
   4.46600923e-01,  4.40876408e-01,  4.35296092e-01,  4.29854159e-01,
   4.24544981e-01,  4.19362481e-01,  4.14300769e-01,  4.09353412e-01,
   4.04512994e-01,  3.99770682e-01,  3.95115849e-01,  3.90534389e-01,
   3.86007499e-01,  3.81509252e-01,  3.77003490e-01]])
nextToPFC = np.array([[-2.17602236e-01, -1.94999630e-01, -1.74495331e-01, -1.56049036e-01,
  -1.39409899e-01, -1.24297152e-01, -1.10461772e-01, -9.76970411e-02,
  -8.58320161e-02, -7.47237604e-02, -6.42496986e-02, -5.43031303e-02,
  -4.47901216e-02, -3.56273606e-02, -2.67404432e-02, -1.80630676e-02,
  -9.53567946e-03, -1.10483710e-03,  7.27777246e-03,  1.56556642e-02,
  -2.40774685e-02, -3.25674186e-02, -4.11600723e-02, -4.98842710e-02,
  -5.87655153e-02, -6.78258283e-02, -7.70832167e-02, -8.65515200e-02,
  -9.62385315e-02, -1.06145012e-01, -1.16262479e-01, -1.26570468e-01,
  -1.37033575e-01, -1.47596960e-01, -1.58178374e-01, -1.68652868e-01,
  -1.78821104e-01, -1.88355922e-01, -1.96731606e-01],
 [-5.78890287e-03, -5.44251735e-03, -5.04118788e-03, -4.65137978e-03,
  -4.28650570e-03, -3.94265286e-03, -3.61336543e-03, -3.29395875e-03,
  -2.98173508e-03, -2.67512903e-03, -2.37321443e-03, -2.07508057e-03,
  -1.77989828e-03, -1.48676717e-03, -1.19478752e-03, -9.03107321e-04,
  -6.10879932e-04, -3.17338315e-04, -2.17511886e-05,  0.00000000e+00,
  -1.86709658e-07, -2.14615208e-07, -1.96936076e-07, -2.35149865e-07,
  -2.59500747e-07, -2.76881947e-07, -3.05254257e-07, -3.45542246e-07,
  -3.96894388e-07, -4.24290424e-07, -4.72542356e-07, -5.58398769e-07,
  -6.06607653e-07, -6.69599012e-07, -7.69545057e-07, -8.31875095e-07,
  -9.07224407e-07, -9.80083901e-07, -9.88665313e-07],
 [ 6.43399796e-01,  6.32167713e-01,  6.21308301e-01,  6.10763750e-01,
   6.00522630e-01,  5.90582116e-01,  5.80937202e-01,  5.71578906e-01,
   5.62496205e-01,  5.53677381e-01,  5.45110831e-01,  5.36785504e-01,
   5.28690968e-01,  5.20817281e-01,  5.13155131e-01,  5.05695620e-01,
   4.98430250e-01,  4.91350757e-01,  4.84449564e-01,  4.77719014e-01,
   4.71178941e-01,  4.64815591e-01,  4.58621718e-01,  4.52590611e-01,
   4.46716005e-01,  4.40991491e-01,  4.35411175e-01,  4.29969242e-01,
   4.24660064e-01,  4.19477564e-01,  4.14415851e-01,  4.09468495e-01,
   4.04628076e-01,  3.99885764e-01,  3.95230931e-01,  3.90649472e-01,
   3.86122581e-01,  3.81624334e-01,  3.77118572e-01]])
hallprobe = np.array([[-2.17821102e-01, -1.95218495e-01, -1.74714196e-01, -1.56267902e-01,
  -1.39628764e-01, -1.24516017e-01, -1.10680638e-01, -9.79159065e-02,
  -8.60508815e-02, -7.49426258e-02, -6.44685640e-02, -5.45219957e-02,
  -4.50089870e-02, -3.58462260e-02, -2.69593086e-02, -1.82819330e-02,
  -9.75454486e-03, -1.32370251e-03,  7.05890706e-03,  1.54367988e-02,
  -2.38585690e-02, -3.23485191e-02, -4.09411728e-02, -4.96653715e-02,
  -5.85466158e-02, -6.76069288e-02, -7.68643172e-02, -8.63326205e-02,
  -9.60196320e-02, -1.05926113e-01, -1.16043579e-01, -1.26351569e-01,
  -1.36814675e-01, -1.47378061e-01, -1.57959474e-01, -1.68433968e-01,
  -1.78602204e-01, -1.88137023e-01, -1.96512707e-01],
 [-5.79276611e-03, -5.44638060e-03, -5.04505113e-03, -4.65524303e-03,
  -4.29036894e-03, -3.94651611e-03, -3.61722868e-03, -3.29782199e-03,
  -2.98559833e-03, -2.67899228e-03, -2.37707767e-03, -2.07894382e-03,
  -1.78376152e-03, -1.49063042e-03, -1.19865077e-03, -9.06970564e-04,
  -6.14743175e-04, -3.21201558e-04, -2.56144322e-05,  0.00000000e+00,
  -1.86709658e-07, -2.14615208e-07, -1.96936076e-07, -2.35149865e-07,
  -2.59500747e-07, -2.76881947e-07, -3.05254257e-07, -3.45542246e-07,
  -3.96894388e-07, -4.24290424e-07, -4.72542356e-07, -5.58398769e-07,
  -6.06607653e-07, -6.69599012e-07, -7.69545057e-07, -8.31875095e-07,
  -9.07224407e-07, -9.80083901e-07, -9.88665313e-07],
 [ 6.43098507e-01,  6.31866424e-01,  6.21007012e-01,  6.10462461e-01,
   6.00221340e-01,  5.90280826e-01,  5.80635913e-01,  5.71277617e-01,
   5.62194915e-01,  5.53376091e-01,  5.44809542e-01,  5.36484215e-01,
   5.28389679e-01,  5.20515991e-01,  5.12853842e-01,  5.05394331e-01,
   4.98128960e-01,  4.91049468e-01,  4.84148274e-01,  4.77417725e-01,
   4.70877651e-01,  4.64514302e-01,  4.58320429e-01,  4.52289321e-01,
   4.46414716e-01,  4.40690201e-01,  4.35109885e-01,  4.29667952e-01,
   4.24358774e-01,  4.19176274e-01,  4.14114562e-01,  4.09167205e-01,
   4.04326787e-01,  3.99584475e-01,  3.94929642e-01,  3.90348182e-01,
   3.85821292e-01,  3.81323045e-01,  3.76817283e-01]])
kw15_slopes = np.array([[ 2.26027989e+00,  2.05045033e+00,  1.84463968e+00,  1.66392987e+00,
   1.51129127e+00,  1.38353983e+00,  1.27648747e+00,  1.18650696e+00,
   1.11081983e+00,  1.04741846e+00,  9.94658039e-01,  9.51298654e-01,
   9.16282237e-01,  8.88694588e-01,  8.67732529e-01,  8.52741168e-01,
   8.43081296e-01,  8.38263216e-01,  8.37797613e-01, -3.97330643e+00,
  -8.48994454e-01, -8.59266482e-01, -8.72422423e-01, -8.88126545e-01,
  -9.06027676e-01, -9.25749517e-01, -9.46828433e-01, -9.68701079e-01,
  -9.90656698e-01, -1.01175238e+00, -1.03080363e+00, -1.04631334e+00,
  -1.05634621e+00, -1.05815708e+00, -1.04745009e+00, -1.01682966e+00,
  -9.53481300e-01, -8.37565317e-01],
 [ 3.46380573e-02,  4.01366376e-02,  3.89834414e-02,  3.64901120e-02,
   3.43864896e-02,  3.29308164e-02,  3.19415157e-02,  3.12244704e-02,
   3.06613209e-02,  3.01938928e-02,  2.98144312e-02,  2.95207964e-02,
   2.93151454e-02,  2.91997350e-02,  2.91698931e-02,  2.92243342e-02,
   2.93552109e-02,  2.95592023e-02,  2.19546267e-03,  9.04894766e-07,
  -9.60717366e-07, -1.08330140e-06, -8.83267377e-07, -3.33902828e-07,
   5.91211924e-07,  1.97681614e-08,  2.45365170e-08,  6.22800708e-07,
   2.72342659e-06,  6.30210146e-07,  3.57575201e-06,  5.21020517e-06,
   4.31188941e-06,  1.25303866e-06,  6.15162930e-06,  5.91284263e-06,
   7.96576552e-07,  2.45198046e-06],
 [ 1.27755523e+00,  1.22760076e+00,  1.17650802e+00,  1.12860887e+00,
   1.08448313e+00,  1.04359702e+00,  1.00536096e+00,  9.69298149e-01,
   9.35141305e-01,  9.02706799e-01,  8.71867742e-01,  8.42507743e-01,
   8.14572169e-01,  7.87906092e-01,  7.62484448e-01,  7.38191803e-01,
   7.14944575e-01,  6.92702998e-01,  6.71381615e-01,  6.54007314e-01,
   6.36336565e-01,  6.19388972e-01,  6.03097666e-01,  5.87465862e-01,
   5.72453340e-01,  5.58017626e-01,  5.44188349e-01,  5.30930233e-01,
   5.18239895e-01,  5.06165604e-01,  4.94730321e-01,  4.84038671e-01,
   4.74218393e-01,  4.65476899e-01,  4.58138366e-01,  4.52693062e-01,
   4.49812177e-01,  4.50573597e-01]])
spec_slopes = np.array([[-2.26026064e+00, -2.05042988e+00, -1.84462947e+00, -1.66391375e+00,
  -1.51127467e+00, -1.38353796e+00, -1.27647313e+00, -1.18650250e+00,
  -1.11082558e+00, -1.04740618e+00, -9.94656828e-01, -9.51300871e-01,
  -9.16276099e-01, -8.88691741e-01, -8.67737562e-01, -8.52738810e-01,
  -8.43084235e-01, -8.38260956e-01, -8.37789175e-01,  4.04414512e+00,
   8.48995012e-01,  8.59265370e-01,  8.72419864e-01,  8.88124432e-01,
   9.06031302e-01,  9.25738836e-01,  9.46830333e-01,  9.68701146e-01,
   9.90648088e-01,  1.01174662e+00,  1.03079897e+00,  1.04631063e+00,
   1.05633855e+00,  1.05814136e+00,  1.04744942e+00,  1.01682357e+00,
   9.53481845e-01,  8.37568400e-01],
 [-3.46385511e-02, -4.01329471e-02, -3.89808101e-02, -3.64874085e-02,
  -3.43852836e-02, -3.29287431e-02, -3.19406686e-02, -3.12223662e-02,
  -3.06606050e-02, -3.01914606e-02, -2.98133853e-02, -2.95182294e-02,
  -2.93131105e-02, -2.91979650e-02, -2.91680203e-02, -2.92227389e-02,
  -2.93541617e-02, -2.95587126e-02, -1.55003293e-03,  1.86709658e-05,
   2.79055498e-06, -1.76791318e-06,  3.82137886e-06,  2.43508825e-06,
   1.73811996e-06,  2.83723102e-06,  4.02879889e-06,  5.13521418e-06,
   2.73960362e-06,  4.82519317e-06,  8.58564135e-06,  4.82088837e-06,
   6.29913588e-06,  9.99460456e-06,  6.23300378e-06,  7.53493120e-06,
   7.28594943e-06,  8.58141160e-07],
 [ 1.12320829e+00,  1.08594117e+00,  1.05445511e+00,  1.02411205e+00,
   9.94051417e-01,  9.64491342e-01,  9.35829593e-01,  9.08270162e-01,
   8.81882399e-01,  8.56654927e-01,  8.32532724e-01,  8.09453591e-01,
   7.87368741e-01,  7.66214985e-01,  7.45951078e-01,  7.26537051e-01,
   7.07949262e-01,  6.90119338e-01,  6.73054936e-01,  6.54007371e-01,
   6.36334934e-01,  6.19387316e-01,  6.03110738e-01,  5.87460518e-01,
   5.72451495e-01,  5.58031579e-01,  5.44193323e-01,  5.30917799e-01,
   5.18249978e-01,  5.06171289e-01,  4.94735620e-01,  4.84041841e-01,
   4.74231189e-01,  4.65483309e-01,  4.58145956e-01,  4.52689077e-01,
   4.49824675e-01,  4.50576236e-01]])
nextToPFC_slopes = np.array([[-2.26026064e+00, -2.05042988e+00, -1.84462947e+00, -1.66391375e+00,
  -1.51127467e+00, -1.38353796e+00, -1.27647313e+00, -1.18650250e+00,
  -1.11082558e+00, -1.04740618e+00, -9.94656828e-01, -9.51300871e-01,
  -9.16276099e-01, -8.88691741e-01, -8.67737562e-01, -8.52738810e-01,
  -8.43084235e-01, -8.38260956e-01, -8.37789175e-01,  3.97331327e+00,
   8.48995012e-01,  8.59265370e-01,  8.72419864e-01,  8.88124432e-01,
   9.06031302e-01,  9.25738836e-01,  9.46830333e-01,  9.68701146e-01,
   9.90648088e-01,  1.01174662e+00,  1.03079897e+00,  1.04631063e+00,
   1.05633855e+00,  1.05814136e+00,  1.04744942e+00,  1.01682357e+00,
   9.53481845e-01,  8.37568400e-01],
 [-3.46385511e-02, -4.01329471e-02, -3.89808101e-02, -3.64874085e-02,
  -3.43852836e-02, -3.29287431e-02, -3.19406686e-02, -3.12223662e-02,
  -3.06606050e-02, -3.01914606e-02, -2.98133853e-02, -2.95182294e-02,
  -2.93131105e-02, -2.91979650e-02, -2.91680203e-02, -2.92227389e-02,
  -2.93541617e-02, -2.95587126e-02, -2.17511886e-03,  1.86709658e-05,
   2.79055498e-06, -1.76791318e-06,  3.82137886e-06,  2.43508825e-06,
   1.73811996e-06,  2.83723102e-06,  4.02879889e-06,  5.13521418e-06,
   2.73960362e-06,  4.82519317e-06,  8.58564135e-06,  4.82088837e-06,
   6.29913588e-06,  9.99460456e-06,  6.23300378e-06,  7.53493120e-06,
   7.28594943e-06,  8.58141160e-07],
 [ 1.12320829e+00,  1.08594117e+00,  1.05445511e+00,  1.02411205e+00,
   9.94051417e-01,  9.64491342e-01,  9.35829593e-01,  9.08270162e-01,
   8.81882399e-01,  8.56654927e-01,  8.32532724e-01,  8.09453591e-01,
   7.87368741e-01,  7.66214985e-01,  7.45951078e-01,  7.26537051e-01,
   7.07949262e-01,  6.90119338e-01,  6.73054936e-01,  6.54007371e-01,
   6.36334934e-01,  6.19387316e-01,  6.03110738e-01,  5.87460518e-01,
   5.72451495e-01,  5.58031579e-01,  5.44193323e-01,  5.30917799e-01,
   5.18249978e-01,  5.06171289e-01,  4.94735620e-01,  4.84041841e-01,
   4.74231189e-01,  4.65483309e-01,  4.58145956e-01,  4.52689077e-01,
   4.49824675e-01,  4.50576236e-01]])
hallprobe_slopes = np.array([[-2.26026064e+00, -2.05042988e+00, -1.84462947e+00, -1.66391375e+00,
  -1.51127467e+00, -1.38353796e+00, -1.27647313e+00, -1.18650250e+00,
  -1.11082558e+00, -1.04740618e+00, -9.94656828e-01, -9.51300871e-01,
  -9.16276099e-01, -8.88691741e-01, -8.67737562e-01, -8.52738810e-01,
  -8.43084235e-01, -8.38260956e-01, -8.37789175e-01,  3.92953678e+00,
   8.48995012e-01,  8.59265370e-01,  8.72419864e-01,  8.88124432e-01,
   9.06031302e-01,  9.25738836e-01,  9.46830333e-01,  9.68701146e-01,
   9.90648088e-01,  1.01174662e+00,  1.03079897e+00,  1.04631063e+00,
   1.05633855e+00,  1.05814136e+00,  1.04744942e+00,  1.01682357e+00,
   9.53481845e-01,  8.37568400e-01],
 [-3.46385511e-02, -4.01329471e-02, -3.89808101e-02, -3.64874085e-02,
  -3.43852836e-02, -3.29287431e-02, -3.19406686e-02, -3.12223662e-02,
  -3.06606050e-02, -3.01914606e-02, -2.98133853e-02, -2.95182294e-02,
  -2.93131105e-02, -2.91979650e-02, -2.91680203e-02, -2.92227389e-02,
  -2.93541617e-02, -2.95587126e-02, -2.56144322e-03,  1.86709658e-05,
   2.79055498e-06, -1.76791318e-06,  3.82137886e-06,  2.43508825e-06,
   1.73811996e-06,  2.83723102e-06,  4.02879889e-06,  5.13521418e-06,
   2.73960362e-06,  4.82519317e-06,  8.58564135e-06,  4.82088837e-06,
   6.29913588e-06,  9.99460456e-06,  6.23300378e-06,  7.53493120e-06,
   7.28594943e-06,  8.58141160e-07],
 [ 1.12320829e+00,  1.08594117e+00,  1.05445511e+00,  1.02411205e+00,
   9.94051417e-01,  9.64491342e-01,  9.35829593e-01,  9.08270162e-01,
   8.81882399e-01,  8.56654927e-01,  8.32532724e-01,  8.09453591e-01,
   7.87368741e-01,  7.66214985e-01,  7.45951078e-01,  7.26537051e-01,
   7.07949262e-01,  6.90119338e-01,  6.73054936e-01,  6.54007371e-01,
   6.36334934e-01,  6.19387316e-01,  6.03110738e-01,  5.87460518e-01,
   5.72451495e-01,  5.58031579e-01,  5.44193323e-01,  5.30917799e-01,
   5.18249978e-01,  5.06171289e-01,  4.94735620e-01,  4.84041841e-01,
   4.74231189e-01,  4.65483309e-01,  4.58145956e-01,  4.52689077e-01,
   4.49824675e-01,  4.50576236e-01]])
Filename = i1q3_hires_noerr_mult.npy
kw15 = np.array([[ 3.21759862e-02,  2.88424950e-02,  2.58184406e-02,  2.30979353e-02,
   2.06439376e-02,  1.84150557e-02,  1.63745969e-02,  1.44920134e-02,
   1.27421288e-02,  1.11038661e-02,  9.55912403e-03,  8.09218210e-03,
   6.68919534e-03,  5.33783798e-03,  4.02717763e-03,  2.74743224e-03,
   1.48979338e-03,  2.46405134e-04, -9.89881775e-04, -2.22547705e-03,
   3.46752503e-03,  4.71963289e-03,  5.98689497e-03,  7.27355776e-03,
   8.58338312e-03,  9.91961250e-03,  1.12849163e-02,  1.26813206e-02,
   1.41099780e-02,  1.55710192e-02,  1.70631639e-02,  1.85834084e-02,
   2.01265304e-02,  2.16844535e-02,  2.32450349e-02,  2.47898367e-02,
   2.62894731e-02,  2.76956789e-02,  2.89309395e-02],
 [ 8.55304582e-04,  8.04218988e-04,  7.45025756e-04,  6.87532985e-04,
   6.33718402e-04,  5.83001581e-04,  5.34435273e-04,  4.87327846e-04,
   4.41276299e-04,  3.96057942e-04,  3.51526153e-04,  3.07555723e-04,
   2.64017429e-04,  2.20783581e-04,  1.77718901e-04,  1.34699954e-04,
   9.15993794e-05,  4.83047335e-05,  4.71130652e-06,  0.00000000e+00,
  -8.66085682e-10,  2.77957028e-10,  1.33077586e-09,  2.99900255e-09,
   2.35882091e-09,  4.19405836e-09,  3.82595992e-09,  3.33815776e-09,
   1.39615082e-09, -2.15589646e-10, -4.78638492e-09, -8.15294898e-09,
  -1.62095106e-08, -2.28280595e-08, -2.48718149e-08, -3.53369171e-08,
  -4.20915709e-08, -4.30633317e-08, -4.69162561e-08],
 [ 9.05428072e-02,  8.87621731e-02,  8.70514575e-02,  8.54125178e-02,
   8.38408588e-02,  8.23310786e-02,  8.08785616e-02,  7.94795451e-02,
   7.81309733e-02,  7.68301735e-02,  7.55747094e-02,  7.43623658e-02,
   7.31910487e-02,  7.20587963e-02,  7.09637822e-02,  6.99043175e-02,
   6.88787825e-02,  6.78857230e-02,  6.69237453e-02,  6.59915554e-02,
   6.50834257e-02,  6.41998200e-02,  6.33397574e-02,  6.25023088e-02,
   6.16865768e-02,  6.08916857e-02,  6.01168268e-02,  5.93611868e-02,
   5.86239625e-02,  5.79043431e-02,  5.72014961e-02,  5.65145207e-02,
   5.58424023e-02,  5.51839158e-02,  5.45375615e-02,  5.39014174e-02,
   5.32728262e-02,  5.26482238e-02,  5.20225708e-02]])
spec = np.array([[-3.18216656e-02, -2.84881991e-02, -2.54641906e-02, -2.27437006e-02,
  -2.02897271e-02, -1.80608660e-02, -1.60204155e-02, -1.41378393e-02,
  -1.23879695e-02, -1.07497003e-02, -9.20497097e-03, -7.73802665e-03,
  -6.33504197e-03, -4.98369184e-03, -3.67303636e-03, -2.39328553e-03,
  -1.13565481e-03,  1.07746582e-04,  1.34402275e-03,  2.57961854e-03,
  -3.82171939e-03, -5.07382260e-03, -6.34108299e-03, -7.62775552e-03,
  -8.93756746e-03, -1.02737951e-02, -1.16391004e-02, -1.30354981e-02,
  -1.44641516e-02, -1.59251923e-02, -1.74173277e-02, -1.89375654e-02,
  -2.04806781e-02, -2.20385903e-02, -2.35991595e-02, -2.51439589e-02,
  -2.66435860e-02, -2.80497889e-02, -2.92850584e-02],
 [-8.48979402e-04, -7.97893884e-04, -7.38704032e-04, -6.81215190e-04,
  -6.27403352e-04, -5.76690936e-04, -5.28127318e-04, -4.81020586e-04,
  -4.34972912e-04, -3.89756129e-04, -3.45226530e-04, -3.01258868e-04,
  -2.57725884e-04, -2.14492969e-04, -1.71430805e-04, -1.28414173e-04,
  -8.53160063e-05, -4.20212278e-05,  1.57095392e-06,  0.00000000e+00,
  -2.66505239e-08, -2.81361557e-08, -3.01954795e-08, -3.43665903e-08,
  -3.92015417e-08, -4.09299001e-08, -4.44023646e-08, -4.80792336e-08,
  -5.59360723e-08, -6.45281621e-08, -6.94085538e-08, -8.02354667e-08,
  -8.84824451e-08, -9.77197698e-08, -1.14054669e-07, -1.22800405e-07,
  -1.31799378e-07, -1.44088524e-07, -1.45975709e-07],
 [ 8.94384756e-02,  8.78854893e-02,  8.63836865e-02,  8.49247681e-02,
   8.35072120e-02,  8.21308073e-02,  8.07949433e-02,  7.94984797e-02,
   7.82399192e-02,  7.70176594e-02,  7.58301173e-02,  7.46757842e-02,
   7.35532239e-02,  7.24610846e-02,  7.13980712e-02,  7.03629790e-02,
   6.93546213e-02,  6.83718958e-02,  6.74137222e-02,  6.64790668e-02,
   6.55709271e-02,  6.46873292e-02,  6.38272652e-02,  6.29898193e-02,
   6.21740728e-02,  6.13791825e-02,  6.06043263e-02,  5.98486700e-02,
   5.91114420e-02,  5.83918219e-02,  5.76889724e-02,  5.70019930e-02,
   5.63298699e-02,  5.56713742e-02,  5.50250098e-02,  5.43888347e-02,
   5.37602482e-02,  5.31356311e-02,  5.25099738e-02]])
nextToPFC = np.array([[-3.21757972e-02, -2.88423308e-02, -2.58183223e-02, -2.30978322e-02,
  -2.06438587e-02, -1.84149976e-02, -1.63745471e-02, -1.44919709e-02,
  -1.27421012e-02, -1.11038320e-02, -9.55910263e-03, -8.09215831e-03,
  -6.68917364e-03, -5.33782350e-03, -4.02716802e-03, -2.74741719e-03,
  -1.48978647e-03, -2.46385079e-04,  9.89891086e-04,  2.22548687e-03,
  -3.46753256e-03, -4.71963578e-03, -5.98689616e-03, -7.27356870e-03,
  -8.58338063e-03, -9.91960832e-03, -1.12849136e-02, -1.26813112e-02,
  -1.41099648e-02, -1.55710054e-02, -1.70631409e-02, -1.85833785e-02,
  -2.01264912e-02, -2.16844034e-02, -2.32449726e-02, -2.47897721e-02,
  -2.62893992e-02, -2.76956020e-02, -2.89308716e-02],
 [-8.55230262e-04, -8.04144743e-04, -7.44954892e-04, -6.87466049e-04,
  -6.33654211e-04, -5.82941795e-04, -5.34378177e-04, -4.87271446e-04,
  -4.41223772e-04, -3.96006989e-04, -3.51477389e-04, -3.07509727e-04,
  -2.63976744e-04, -2.20743828e-04, -1.77681665e-04, -1.34665032e-04,
  -9.15668657e-05, -4.82720871e-05, -4.67990540e-06,  0.00000000e+00,
  -2.66505239e-08, -2.81361557e-08, -3.01954795e-08, -3.43665903e-08,
  -3.92015417e-08, -4.09299001e-08, -4.44023646e-08, -4.80792336e-08,
  -5.59360723e-08, -6.45281621e-08, -6.94085538e-08, -8.02354667e-08,
  -8.84824451e-08, -9.77197698e-08, -1.14054669e-07, -1.22800405e-07,
  -1.31799378e-07, -1.44088524e-07, -1.45975709e-07],
 [ 8.95535579e-02,  8.80005716e-02,  8.64987688e-02,  8.50398504e-02,
   8.36222943e-02,  8.22458896e-02,  8.09100256e-02,  7.96135620e-02,
   7.83550014e-02,  7.71327417e-02,  7.59451996e-02,  7.47908664e-02,
   7.36683062e-02,  7.25761669e-02,  7.15131535e-02,  7.04780613e-02,
   6.94697036e-02,  6.84869780e-02,  6.75288045e-02,  6.65941491e-02,
   6.56860094e-02,  6.48024115e-02,  6.39423475e-02,  6.31049016e-02,
   6.22891551e-02,  6.14942648e-02,  6.07194086e-02,  5.99637522e-02,
   5.92265243e-02,  5.85069042e-02,  5.78040546e-02,  5.71170753e-02,
   5.64449522e-02,  5.57864565e-02,  5.51400921e-02,  5.45039170e-02,
   5.38753305e-02,  5.32507134e-02,  5.26250560e-02]])
hallprobe = np.array([[-3.23946626e-02, -2.90611962e-02, -2.60371877e-02, -2.33166976e-02,
  -2.08627241e-02, -1.86338630e-02, -1.65934125e-02, -1.47108363e-02,
  -1.29609666e-02, -1.13226974e-02, -9.77796803e-03, -8.31102372e-03,
  -6.90803904e-03, -5.55668891e-03, -4.24603343e-03, -2.96628259e-03,
  -1.70865188e-03, -4.65250482e-04,  7.71025683e-04,  2.00662147e-03,
  -3.24863307e-03, -4.50073628e-03, -5.76799667e-03, -7.05466920e-03,
  -8.36448113e-03, -9.70070882e-03, -1.10660141e-02, -1.24624117e-02,
  -1.38910653e-02, -1.53521059e-02, -1.68442414e-02, -1.83644790e-02,
  -1.99075917e-02, -2.14655039e-02, -2.30260731e-02, -2.45708726e-02,
  -2.60704997e-02, -2.74767025e-02, -2.87119721e-02],
 [-8.59093505e-04, -8.08007987e-04, -7.48818135e-04, -6.91329293e-04,
  -6.37517455e-04, -5.86805039e-04, -5.38241420e-04, -4.91134689e-04,
  -4.45087015e-04, -3.99870232e-04, -3.55340633e-04, -3.11372971e-04,
  -2.67839987e-04, -2.24607071e-04, -1.81544908e-04, -1.38528276e-04,
  -9.54301092e-05, -5.21353306e-05, -8.54314892e-06,  0.00000000e+00,
  -2.66505239e-08, -2.81361557e-08, -3.01954795e-08, -3.43665903e-08,
  -3.92015417e-08, -4.09299001e-08, -4.44023646e-08, -4.80792336e-08,
  -5.59360723e-08, -6.45281621e-08, -6.94085538e-08, -8.02354667e-08,
  -8.84824451e-08, -9.77197698e-08, -1.14054669e-07, -1.22800405e-07,
  -1.31799378e-07, -1.44088524e-07, -1.45975709e-07],
 [ 8.92522686e-02,  8.76992823e-02,  8.61974795e-02,  8.47385611e-02,
   8.33210050e-02,  8.19446003e-02,  8.06087363e-02,  7.93122727e-02,
   7.80537121e-02,  7.68314524e-02,  7.56439103e-02,  7.44895771e-02,
   7.33670169e-02,  7.22748776e-02,  7.12118642e-02,  7.01767720e-02,
   6.91684143e-02,  6.81856887e-02,  6.72275152e-02,  6.62928598e-02,
   6.53847201e-02,  6.45011222e-02,  6.36410582e-02,  6.28036123e-02,
   6.19878658e-02,  6.11929755e-02,  6.04181193e-02,  5.96624629e-02,
   5.89252350e-02,  5.82056149e-02,  5.75027653e-02,  5.68157860e-02,
   5.61436629e-02,  5.54851672e-02,  5.48388028e-02,  5.42026277e-02,
   5.35740412e-02,  5.29494241e-02,  5.23237667e-02]])
kw15_slopes = np.array([[ 3.33349126e-01,  3.02405436e-01,  2.72050533e-01,  2.45399770e-01,
   2.22888186e-01,  2.04045882e-01,  1.88258355e-01,  1.74988457e-01,
   1.63826267e-01,  1.54474211e-01,  1.46694193e-01,  1.40298676e-01,
   1.35135736e-01,  1.31066035e-01,  1.27974539e-01,  1.25763886e-01,
   1.24338825e-01,  1.23628691e-01,  1.23559527e-01, -5.69300207e-01,
  -1.25210787e-01, -1.26726207e-01, -1.28666279e-01, -1.30982536e-01,
  -1.33622938e-01, -1.36530382e-01, -1.39640430e-01, -1.42865734e-01,
  -1.46104124e-01, -1.49214475e-01, -1.52024442e-01, -1.54312204e-01,
  -1.55792309e-01, -1.56058138e-01, -1.54480186e-01, -1.49963637e-01,
  -1.40620581e-01, -1.23526057e-01],
 [ 5.10855942e-03,  5.91932320e-03,  5.74927711e-03,  5.38145833e-03,
   5.07168210e-03,  4.85663081e-03,  4.71074262e-03,  4.60515470e-03,
   4.52183572e-03,  4.45317887e-03,  4.39704309e-03,  4.35382938e-03,
   4.32338476e-03,  4.30646802e-03,  4.30189467e-03,  4.31005748e-03,
   4.32946460e-03,  4.35934269e-03,  4.71130652e-04,  8.66085682e-08,
  -1.14404271e-07, -1.05281883e-07, -1.66822668e-07,  6.40181635e-08,
  -1.83523745e-07,  3.68098435e-08,  4.87802160e-08,  1.94200694e-07,
   1.61174046e-07,  4.57079528e-07,  3.36656405e-07,  8.05656162e-07,
   6.61854886e-07,  2.04375541e-07,  1.04651022e-06,  6.75465380e-07,
   9.71760804e-08,  3.85292442e-07],
 [ 1.78063405e-01,  1.71071560e-01,  1.63893972e-01,  1.57165898e-01,
   1.50978027e-01,  1.45251696e-01,  1.39901653e-01,  1.34857178e-01,
   1.30079984e-01,  1.25546405e-01,  1.21234367e-01,  1.17131709e-01,
   1.13225237e-01,  1.09501407e-01,  1.05946468e-01,  1.02553505e-01,
   9.93059442e-02,  9.61977750e-02,  9.32189887e-02,  9.08129759e-02,
   8.83605618e-02,  8.60062594e-02,  8.37448661e-02,  8.15731947e-02,
   7.94891124e-02,  7.74858867e-02,  7.55640065e-02,  7.37224270e-02,
   7.19619374e-02,  7.02847064e-02,  6.86975367e-02,  6.72118408e-02,
   6.58486492e-02,  6.46354290e-02,  6.36144099e-02,  6.28591213e-02,
   6.24602444e-02,  6.25652957e-02]])
spec_slopes = np.array([[-3.33346643e-01, -3.02400853e-01, -2.72049005e-01, -2.45397348e-01,
  -2.22886113e-01, -2.04045050e-01, -1.88257617e-01, -1.74986974e-01,
  -1.63826922e-01, -1.54472935e-01, -1.46694431e-01, -1.40298468e-01,
  -1.35135013e-01, -1.31065548e-01, -1.27975083e-01, -1.25763072e-01,
  -1.24340139e-01, -1.23627617e-01, -1.23559579e-01,  6.40133793e-01,
   1.25210321e-01,  1.26726039e-01,  1.28667253e-01,  1.30981194e-01,
   1.33622769e-01,  1.36530528e-01,  1.39639765e-01,  1.42865354e-01,
   1.46104065e-01,  1.49213547e-01,  1.52023763e-01,  1.54311269e-01,
   1.55791220e-01,  1.56056920e-01,  1.54479949e-01,  1.49962705e-01,
   1.40620286e-01,  1.23526955e-01],
 [-5.10855182e-03, -5.91898517e-03, -5.74888424e-03, -5.38118379e-03,
  -5.07124161e-03, -4.85636183e-03, -4.71067311e-03, -4.60476741e-03,
  -4.52167829e-03, -4.45295997e-03, -4.39676618e-03, -4.35329837e-03,
  -4.32329157e-03, -4.30621632e-03, -4.30166323e-03, -4.30981667e-03,
  -4.32947786e-03, -4.35921817e-03,  1.57095392e-04,  2.66505239e-06,
   1.48563182e-07,  2.05932381e-07,  4.17111076e-07,  4.83495136e-07,
   1.72835842e-07,  3.47246450e-07,  3.67686902e-07,  7.85683868e-07,
   8.59208985e-07,  4.88039171e-07,  1.08269129e-06,  8.24697838e-07,
   9.23732476e-07,  1.63348988e-06,  8.74573667e-07,  8.99897232e-07,
   1.22891460e-06,  1.88718522e-07],
 [ 1.55298632e-01,  1.50180277e-01,  1.45891842e-01,  1.41755609e-01,
   1.37640470e-01,  1.33586400e-01,  1.29646359e-01,  1.25856058e-01,
   1.22225975e-01,  1.18754208e-01,  1.15433317e-01,  1.12256022e-01,
   1.09213930e-01,  1.06301345e-01,  1.03509218e-01,  1.00835767e-01,
   9.82725566e-02,  9.58173576e-02,  9.34655358e-02,  9.08139733e-02,
   8.83597897e-02,  8.60064019e-02,  8.37445864e-02,  8.15746526e-02,
   7.94890279e-02,  7.74856235e-02,  7.55656326e-02,  7.37227935e-02,
   7.19620114e-02,  7.02849559e-02,  6.86979333e-02,  6.72123125e-02,
   6.58495656e-02,  6.46364405e-02,  6.36175109e-02,  6.28586522e-02,
   6.24617103e-02,  6.25657336e-02]])
nextToPFC_slopes = np.array([[-3.33346643e-01, -3.02400853e-01, -2.72049005e-01, -2.45397348e-01,
  -2.22886113e-01, -2.04045050e-01, -1.88257617e-01, -1.74986974e-01,
  -1.63826922e-01, -1.54472935e-01, -1.46694431e-01, -1.40298468e-01,
  -1.35135013e-01, -1.31065548e-01, -1.27975083e-01, -1.25763072e-01,
  -1.24340139e-01, -1.23627617e-01, -1.23559579e-01,  5.69301944e-01,
   1.25210321e-01,  1.26726039e-01,  1.28667253e-01,  1.30981194e-01,
   1.33622769e-01,  1.36530528e-01,  1.39639765e-01,  1.42865354e-01,
   1.46104065e-01,  1.49213547e-01,  1.52023763e-01,  1.54311269e-01,
   1.55791220e-01,  1.56056920e-01,  1.54479949e-01,  1.49962705e-01,
   1.40620286e-01,  1.23526955e-01],
 [-5.10855182e-03, -5.91898517e-03, -5.74888424e-03, -5.38118379e-03,
  -5.07124161e-03, -4.85636183e-03, -4.71067311e-03, -4.60476741e-03,
  -4.52167829e-03, -4.45295997e-03, -4.39676618e-03, -4.35329837e-03,
  -4.32329157e-03, -4.30621632e-03, -4.30166323e-03, -4.30981667e-03,
  -4.32947786e-03, -4.35921817e-03, -4.67990540e-04,  2.66505239e-06,
   1.48563182e-07,  2.05932381e-07,  4.17111076e-07,  4.83495136e-07,
   1.72835842e-07,  3.47246450e-07,  3.67686902e-07,  7.85683868e-07,
   8.59208985e-07,  4.88039171e-07,  1.08269129e-06,  8.24697838e-07,
   9.23732476e-07,  1.63348988e-06,  8.74573667e-07,  8.99897232e-07,
   1.22891460e-06,  1.88718522e-07],
 [ 1.55298632e-01,  1.50180277e-01,  1.45891842e-01,  1.41755609e-01,
   1.37640470e-01,  1.33586400e-01,  1.29646359e-01,  1.25856058e-01,
   1.22225975e-01,  1.18754208e-01,  1.15433317e-01,  1.12256022e-01,
   1.09213930e-01,  1.06301345e-01,  1.03509218e-01,  1.00835767e-01,
   9.82725566e-02,  9.58173576e-02,  9.34655358e-02,  9.08139733e-02,
   8.83597897e-02,  8.60064019e-02,  8.37445864e-02,  8.15746526e-02,
   7.94890279e-02,  7.74856235e-02,  7.55656326e-02,  7.37227935e-02,
   7.19620114e-02,  7.02849559e-02,  6.86979333e-02,  6.72123125e-02,
   6.58495656e-02,  6.46364405e-02,  6.36175109e-02,  6.28586522e-02,
   6.24617103e-02,  6.25657336e-02]])
hallprobe_slopes = np.array([[-3.33346643e-01, -3.02400853e-01, -2.72049005e-01, -2.45397348e-01,
  -2.22886113e-01, -2.04045050e-01, -1.88257617e-01, -1.74986974e-01,
  -1.63826922e-01, -1.54472935e-01, -1.46694431e-01, -1.40298468e-01,
  -1.35135013e-01, -1.31065548e-01, -1.27975083e-01, -1.25763072e-01,
  -1.24340139e-01, -1.23627617e-01, -1.23559579e-01,  5.25525454e-01,
   1.25210321e-01,  1.26726039e-01,  1.28667253e-01,  1.30981194e-01,
   1.33622769e-01,  1.36530528e-01,  1.39639765e-01,  1.42865354e-01,
   1.46104065e-01,  1.49213547e-01,  1.52023763e-01,  1.54311269e-01,
   1.55791220e-01,  1.56056920e-01,  1.54479949e-01,  1.49962705e-01,
   1.40620286e-01,  1.23526955e-01],
 [-5.10855182e-03, -5.91898517e-03, -5.74888424e-03, -5.38118379e-03,
  -5.07124161e-03, -4.85636183e-03, -4.71067311e-03, -4.60476741e-03,
  -4.52167829e-03, -4.45295997e-03, -4.39676618e-03, -4.35329837e-03,
  -4.32329157e-03, -4.30621632e-03, -4.30166323e-03, -4.30981667e-03,
  -4.32947786e-03, -4.35921817e-03, -8.54314892e-04,  2.66505239e-06,
   1.48563182e-07,  2.05932381e-07,  4.17111076e-07,  4.83495136e-07,
   1.72835842e-07,  3.47246450e-07,  3.67686902e-07,  7.85683868e-07,
   8.59208985e-07,  4.88039171e-07,  1.08269129e-06,  8.24697838e-07,
   9.23732476e-07,  1.63348988e-06,  8.74573667e-07,  8.99897232e-07,
   1.22891460e-06,  1.88718522e-07],
 [ 1.55298632e-01,  1.50180277e-01,  1.45891842e-01,  1.41755609e-01,
   1.37640470e-01,  1.33586400e-01,  1.29646359e-01,  1.25856058e-01,
   1.22225975e-01,  1.18754208e-01,  1.15433317e-01,  1.12256022e-01,
   1.09213930e-01,  1.06301345e-01,  1.03509218e-01,  1.00835767e-01,
   9.82725566e-02,  9.58173576e-02,  9.34655358e-02,  9.08139733e-02,
   8.83597897e-02,  8.60064019e-02,  8.37445864e-02,  8.15746526e-02,
   7.94890279e-02,  7.74856235e-02,  7.55656326e-02,  7.37227935e-02,
   7.19620114e-02,  7.02849559e-02,  6.86979333e-02,  6.72123125e-02,
   6.58495656e-02,  6.46364405e-02,  6.36175109e-02,  6.28586522e-02,
   6.24617103e-02,  6.25657336e-02]])
Filename = i1q4_hires.npy
kw15 = np.array([[ 2.69882471e-02,  2.41938466e-02,  2.16588487e-02,  1.93783154e-02,
   1.73211874e-02,  1.54527626e-02,  1.37422915e-02,  1.21641645e-02,
   1.06972747e-02,  9.32395581e-03,  8.02903062e-03,  6.79932672e-03,
   5.62323119e-03,  4.49042376e-03,  3.39172369e-03,  2.31894313e-03,
   1.26469356e-03,  2.22386086e-04, -8.13965741e-04, -1.84973785e-03,
   2.89091490e-03,  3.94052817e-03,  5.00285016e-03,  6.08142938e-03,
   7.17942024e-03,  8.29955832e-03,  9.44406096e-03,  1.06146341e-02,
   1.18122484e-02,  1.30370053e-02,  1.42878350e-02,  1.55622258e-02,
   1.68557891e-02,  1.81617618e-02,  1.94699603e-02,  2.07649320e-02,
   2.20220420e-02,  2.32008373e-02,  2.42363226e-02],
 [ 7.17264009e-04,  6.74438045e-04,  6.24818011e-04,  5.76623232e-04,
   5.31511188e-04,  4.88997391e-04,  4.48283290e-04,  4.08795620e-04,
   3.70192683e-04,  3.32285966e-04,  2.94955536e-04,  2.58096456e-04,
   2.21599656e-04,  1.85356980e-04,  1.49258242e-04,  1.13194210e-04,
   7.70659389e-05,  4.07725783e-05,  4.22791005e-06,  0.00000000e+00,
  -5.91607405e-10,  3.47877667e-12,  1.49546332e-09,  2.12067223e-09,
   1.91965575e-09,  3.86468449e-09,  2.56335988e-09,  2.02066312e-09,
   3.80581280e-10, -1.02530052e-09, -4.93734795e-09, -6.80800567e-09,
  -1.37658017e-08, -1.74208384e-08, -2.08232611e-08, -2.93944635e-08,
  -3.53394065e-08, -3.72169455e-08, -3.83525355e-08],
 [ 9.04140911e-02,  8.86518640e-02,  8.69580431e-02,  8.53336572e-02,
   8.37744582e-02,  8.22754605e-02,  8.08323769e-02,  7.94416554e-02,
   7.81003638e-02,  7.68059114e-02,  7.55559414e-02,  7.43482872e-02,
   7.31809160e-02,  7.20519013e-02,  7.09594801e-02,  6.99019833e-02,
   6.88778429e-02,  6.78856144e-02,  6.69239456e-02,  6.59915613e-02,
   6.50834264e-02,  6.41998229e-02,  6.33397739e-02,  6.25023110e-02,
   6.16865720e-02,  6.08916900e-02,  6.01168265e-02,  5.93611833e-02,
   5.86239575e-02,  5.79043403e-02,  5.72015045e-02,  5.65145264e-02,
   5.58424048e-02,  5.51839165e-02,  5.45375604e-02,  5.39014127e-02,
   5.32728274e-02,  5.26482215e-02,  5.20225664e-02]])
spec = np.array([[-2.66339544e-02, -2.38395810e-02, -2.13046211e-02, -1.90240919e-02,
  -1.69669867e-02, -1.50985836e-02, -1.33881156e-02, -1.18099939e-02,
  -1.03431173e-02, -8.96979313e-03, -7.67488028e-03, -6.44517599e-03,
  -5.26908430e-03, -4.13627804e-03, -3.03758294e-03, -1.96479623e-03,
  -9.10555721e-04,  1.31764334e-04,  1.16810516e-03,  2.20387916e-03,
  -3.24511132e-03, -4.29471849e-03, -5.35703720e-03, -6.43562269e-03,
  -7.53361172e-03, -8.65374234e-03, -9.79824657e-03, -1.09688163e-02,
  -1.21664261e-02, -1.33911800e-02, -1.46420054e-02, -1.59163827e-02,
  -1.72099435e-02, -1.85159067e-02, -1.98240969e-02, -2.11190641e-02,
  -2.23761709e-02, -2.35549654e-02, -2.45904613e-02],
 [-7.10947920e-04, -6.68125599e-04, -6.18506858e-04, -5.70316565e-04,
  -5.25206392e-04, -4.82695262e-04, -4.41985505e-04, -4.02497466e-04,
  -3.63893954e-04, -3.25993591e-04, -2.88666532e-04, -2.51806604e-04,
  -2.15313731e-04, -1.79072519e-04, -1.42975098e-04, -1.06913436e-04,
  -7.07860762e-05, -3.44938839e-05,  2.04564185e-06,  0.00000000e+00,
  -2.45644894e-08, -2.56109460e-08, -2.70115372e-08, -2.87672345e-08,
  -3.37119772e-08, -3.53305443e-08, -3.96813391e-08, -4.17113388e-08,
  -4.69331898e-08, -5.32196626e-08, -5.86490074e-08, -6.72800945e-08,
  -7.50879077e-08, -8.25685718e-08, -9.56096984e-08, -1.03038000e-07,
  -1.10939053e-07, -1.21471518e-07, -1.22041208e-07],
 [ 8.95671982e-02,  8.79958021e-02,  8.64771029e-02,  8.50036268e-02,
   8.35736160e-02,  8.21864202e-02,  8.08411262e-02,  7.95363722e-02,
   7.82705333e-02,  7.70419222e-02,  7.58488851e-02,  7.46898605e-02,
   7.35633617e-02,  7.24679787e-02,  7.14023767e-02,  7.03653116e-02,
   6.93555660e-02,  6.83720054e-02,  6.74135235e-02,  6.64790699e-02,
   6.55709254e-02,  6.46873274e-02,  6.38272683e-02,  6.29898196e-02,
   6.21740747e-02,  6.13791907e-02,  6.06043276e-02,  5.98486732e-02,
   5.91114498e-02,  5.83918263e-02,  5.76889751e-02,  5.70019954e-02,
   5.63298744e-02,  5.56713811e-02,  5.50250144e-02,  5.43888455e-02,
   5.37602593e-02,  5.31356459e-02,  5.25099908e-02]])
nextToPFC = np.array([[-2.69880860e-02, -2.41937127e-02, -2.16587527e-02, -1.93782236e-02,
  -1.73211184e-02, -1.54527153e-02, -1.37422472e-02, -1.21641255e-02,
  -1.06972489e-02, -9.32392479e-03, -8.02901195e-03, -6.79930765e-03,
  -5.62321596e-03, -4.49040970e-03, -3.39171460e-03, -2.31892789e-03,
  -1.26468738e-03, -2.22367327e-04,  8.13973494e-04,  1.84974750e-03,
  -2.89092449e-03, -3.94053166e-03, -5.00285038e-03, -6.08143587e-03,
  -7.17942490e-03, -8.29955552e-03, -9.44405974e-03, -1.06146295e-02,
  -1.18122393e-02, -1.30369931e-02, -1.42878186e-02, -1.55621959e-02,
  -1.68557566e-02, -1.81617199e-02, -1.94699101e-02, -2.07648772e-02,
  -2.20219841e-02, -2.32007785e-02, -2.42362744e-02],
 [-7.17198779e-04, -6.74376458e-04, -6.24757718e-04, -5.76567424e-04,
  -5.31457251e-04, -4.88946121e-04, -4.48236364e-04, -4.08748325e-04,
  -3.70144813e-04, -3.32244450e-04, -2.94917391e-04, -2.58057463e-04,
  -2.21564591e-04, -1.85323378e-04, -1.49225957e-04, -1.13164296e-04,
  -7.70369355e-05, -4.07447432e-05, -4.20521747e-06,  0.00000000e+00,
  -2.45644894e-08, -2.56109460e-08, -2.70115372e-08, -2.87672345e-08,
  -3.37119772e-08, -3.53305443e-08, -3.96813391e-08, -4.17113388e-08,
  -4.69331898e-08, -5.32196626e-08, -5.86490074e-08, -6.72800945e-08,
  -7.50879077e-08, -8.25685718e-08, -9.56096984e-08, -1.03038000e-07,
  -1.10939053e-07, -1.21471518e-07, -1.22041208e-07],
 [ 8.96822805e-02,  8.81108844e-02,  8.65921851e-02,  8.51187091e-02,
   8.36886983e-02,  8.23015025e-02,  8.09562084e-02,  7.96514545e-02,
   7.83856156e-02,  7.71570045e-02,  7.59639674e-02,  7.48049428e-02,
   7.36784440e-02,  7.25830610e-02,  7.15174589e-02,  7.04803939e-02,
   6.94706483e-02,  6.84870877e-02,  6.75286057e-02,  6.65941522e-02,
   6.56860077e-02,  6.48024097e-02,  6.39423505e-02,  6.31049019e-02,
   6.22891570e-02,  6.14942730e-02,  6.07194099e-02,  5.99637555e-02,
   5.92265321e-02,  5.85069086e-02,  5.78040574e-02,  5.71170776e-02,
   5.64449567e-02,  5.57864634e-02,  5.51400967e-02,  5.45039278e-02,
   5.38753416e-02,  5.32507282e-02,  5.26250731e-02]])
hallprobe = np.array([[-2.72069514e-02, -2.44125781e-02, -2.18776181e-02, -1.95970890e-02,
  -1.75399838e-02, -1.56715807e-02, -1.39611126e-02, -1.23829909e-02,
  -1.09161143e-02, -9.54279019e-03, -8.24787735e-03, -7.01817305e-03,
  -5.84208137e-03, -4.70927511e-03, -3.61058001e-03, -2.53779330e-03,
  -1.48355279e-03, -4.41232730e-04,  5.95108090e-04,  1.63088209e-03,
  -2.67202499e-03, -3.72163216e-03, -4.78395088e-03, -5.86253637e-03,
  -6.96052540e-03, -8.08065602e-03, -9.22516025e-03, -1.03957300e-02,
  -1.15933398e-02, -1.28180936e-02, -1.40689191e-02, -1.53432964e-02,
  -1.66368572e-02, -1.79428204e-02, -1.92510106e-02, -2.05459778e-02,
  -2.18030846e-02, -2.29818790e-02, -2.40173749e-02],
 [-7.21062023e-04, -6.78239701e-04, -6.28620961e-04, -5.80430668e-04,
  -5.35320495e-04, -4.92809365e-04, -4.52099608e-04, -4.12611569e-04,
  -3.74008056e-04, -3.36107694e-04, -2.98780635e-04, -2.61920706e-04,
  -2.25427834e-04, -1.89186622e-04, -1.53089201e-04, -1.17027539e-04,
  -8.09001790e-05, -4.46079867e-05, -8.06846099e-06,  0.00000000e+00,
  -2.45644894e-08, -2.56109460e-08, -2.70115372e-08, -2.87672345e-08,
  -3.37119772e-08, -3.53305443e-08, -3.96813391e-08, -4.17113388e-08,
  -4.69331898e-08, -5.32196626e-08, -5.86490074e-08, -6.72800945e-08,
  -7.50879077e-08, -8.25685718e-08, -9.56096984e-08, -1.03038000e-07,
  -1.10939053e-07, -1.21471518e-07, -1.22041208e-07],
 [ 8.93809912e-02,  8.78095951e-02,  8.62908958e-02,  8.48174198e-02,
   8.33874090e-02,  8.20002132e-02,  8.06549191e-02,  7.93501652e-02,
   7.80843263e-02,  7.68557152e-02,  7.56626781e-02,  7.45036534e-02,
   7.33771547e-02,  7.22817717e-02,  7.12161696e-02,  7.01791046e-02,
   6.91693590e-02,  6.81857984e-02,  6.72273164e-02,  6.62928629e-02,
   6.53847184e-02,  6.45011204e-02,  6.36410612e-02,  6.28036126e-02,
   6.19878676e-02,  6.11929836e-02,  6.04181206e-02,  5.96624662e-02,
   5.89252428e-02,  5.82056193e-02,  5.75027681e-02,  5.68157883e-02,
   5.61436674e-02,  5.54851741e-02,  5.48388074e-02,  5.42026384e-02,
   5.35740523e-02,  5.29494389e-02,  5.23237838e-02]])
kw15_slopes = np.array([[ 2.79440051e-01,  2.53499793e-01,  2.28053329e-01,  2.05712794e-01,
   1.86842488e-01,  1.71047104e-01,  1.57812697e-01,  1.46688989e-01,
   1.37331885e-01,  1.29492519e-01,  1.22970390e-01,  1.17609553e-01,
   1.13280743e-01,  1.09870007e-01,  1.07278055e-01,  1.05424957e-01,
   1.04230748e-01,  1.03635183e-01,  1.03577211e-01, -4.74065275e-01,
  -1.04961327e-01, -1.06232199e-01, -1.07857922e-01, -1.09799086e-01,
  -1.12013808e-01, -1.14450264e-01, -1.17057314e-01, -1.19761427e-01,
  -1.22475695e-01, -1.25082973e-01, -1.27439071e-01, -1.29356332e-01,
  -1.30597269e-01, -1.30819857e-01, -1.29497165e-01, -1.25711001e-01,
  -1.17879531e-01, -1.03548528e-01],
 [ 4.28259638e-03,  4.96200340e-03,  4.81947787e-03,  4.51120445e-03,
   4.25137965e-03,  4.07141011e-03,  3.94876702e-03,  3.86029368e-03,
   3.79067166e-03,  3.73304300e-03,  3.68590807e-03,  3.64967998e-03,
   3.62426756e-03,  3.60987384e-03,  3.60640321e-03,  3.61282710e-03,
   3.62933606e-03,  3.65446683e-03,  4.22791005e-04,  5.91607405e-08,
  -5.95086182e-08, -1.49198454e-07, -6.25208906e-08,  2.01016475e-08,
  -1.94502874e-07,  1.30132461e-07,  5.42696758e-08,  1.64008184e-07,
   1.40588179e-07,  3.91204743e-07,  1.87065773e-07,  6.95779600e-07,
   3.65503675e-07,  3.40242263e-07,  8.57120243e-07,  5.94494304e-07,
   1.87753895e-07,  1.13559000e-07],
 [ 1.76222710e-01,  1.69382089e-01,  1.62438593e-01,  1.55919894e-01,
   1.49899779e-01,  1.44308355e-01,  1.39072152e-01,  1.34129157e-01,
   1.29445238e-01,  1.24997002e-01,  1.20765419e-01,  1.16737119e-01,
   1.12901471e-01,  1.09242125e-01,  1.05749679e-01,  1.02414033e-01,
   9.92228566e-02,  9.61668807e-02,  9.32384298e-02,  9.08134864e-02,
   8.83603494e-02,  8.60049037e-02,  8.37462856e-02,  8.15739063e-02,
   7.94881948e-02,  7.74863502e-02,  7.55643166e-02,  7.37225827e-02,
   7.19617251e-02,  7.02835773e-02,  6.86978098e-02,  6.72121594e-02,
   6.58488338e-02,  6.46356017e-02,  6.36147731e-02,  6.28585298e-02,
   6.24605868e-02,  6.25655189e-02]])
spec_slopes = np.array([[-2.79437336e-01, -2.53495995e-01, -2.28052916e-01, -2.05710515e-01,
  -1.86840311e-01, -1.71046806e-01, -1.57812170e-01, -1.46687661e-01,
  -1.37332414e-01, -1.29491284e-01, -1.22970430e-01, -1.17609169e-01,
  -1.13280626e-01, -1.09869510e-01, -1.07278671e-01, -1.05424051e-01,
  -1.04232005e-01, -1.03634082e-01, -1.03577400e-01,  5.44899047e-01,
   1.04960717e-01,  1.06231871e-01,  1.07858549e-01,  1.09798903e-01,
   1.12013062e-01,  1.14450423e-01,  1.17056973e-01,  1.19760980e-01,
   1.22475385e-01,  1.25082543e-01,  1.27437729e-01,  1.29356080e-01,
   1.30596324e-01,  1.30819023e-01,  1.29496714e-01,  1.25710685e-01,
   1.17879444e-01,  1.03549591e-01],
 [-4.28223212e-03, -4.96187404e-03, -4.81902931e-03, -4.51101732e-03,
  -4.25111299e-03, -4.07097570e-03, -3.94880388e-03, -3.86035125e-03,
  -3.79003625e-03, -3.73270590e-03, -3.68599286e-03, -3.64928722e-03,
  -3.62412127e-03, -3.60974208e-03, -3.60616617e-03, -3.61273600e-03,
  -3.62921923e-03, -3.65395257e-03,  2.04564185e-04,  2.45644894e-06,
   1.04645661e-07,  1.40059115e-07,  1.75569735e-07,  4.94474265e-07,
   1.61856713e-07,  4.35079482e-07,  2.02999967e-07,  5.22185107e-07,
   6.28647276e-07,  5.42934481e-07,  8.63108707e-07,  7.80781322e-07,
   7.48066412e-07,  1.30411266e-06,  7.42830150e-07,  7.90105272e-07,
   1.05324653e-06,  5.69689742e-08],
 [ 1.57139608e-01,  1.51869928e-01,  1.47347602e-01,  1.43001081e-01,
   1.38719582e-01,  1.34529404e-01,  1.30475397e-01,  1.26583890e-01,
   1.22861106e-01,  1.19303711e-01,  1.15902465e-01,  1.12649879e-01,
   1.09538297e-01,  1.06560206e-01,  1.03706504e-01,  1.00974562e-01,
   9.83560620e-02,  9.58481937e-02,  9.34453532e-02,  9.08144490e-02,
   8.83598035e-02,  8.60059126e-02,  8.37448673e-02,  8.15744921e-02,
   7.94883999e-02,  7.74863051e-02,  7.55654438e-02,  7.37223372e-02,
   7.19623480e-02,  7.02851192e-02,  6.86979782e-02,  6.72120947e-02,
   6.58493332e-02,  6.46366677e-02,  6.36168932e-02,  6.28586150e-02,
   6.24613386e-02,  6.25655140e-02]])
nextToPFC_slopes = np.array([[-2.79437336e-01, -2.53495995e-01, -2.28052916e-01, -2.05710515e-01,
  -1.86840311e-01, -1.71046806e-01, -1.57812170e-01, -1.46687661e-01,
  -1.37332414e-01, -1.29491284e-01, -1.22970430e-01, -1.17609169e-01,
  -1.13280626e-01, -1.09869510e-01, -1.07278671e-01, -1.05424051e-01,
  -1.04232005e-01, -1.03634082e-01, -1.03577400e-01,  4.74067199e-01,
   1.04960717e-01,  1.06231871e-01,  1.07858549e-01,  1.09798903e-01,
   1.12013062e-01,  1.14450423e-01,  1.17056973e-01,  1.19760980e-01,
   1.22475385e-01,  1.25082543e-01,  1.27437729e-01,  1.29356080e-01,
   1.30596324e-01,  1.30819023e-01,  1.29496714e-01,  1.25710685e-01,
   1.17879444e-01,  1.03549591e-01],
 [-4.28223212e-03, -4.96187404e-03, -4.81902931e-03, -4.51101732e-03,
  -4.25111299e-03, -4.07097570e-03, -3.94880388e-03, -3.86035125e-03,
  -3.79003625e-03, -3.73270590e-03, -3.68599286e-03, -3.64928722e-03,
  -3.62412127e-03, -3.60974208e-03, -3.60616617e-03, -3.61273600e-03,
  -3.62921923e-03, -3.65395257e-03, -4.20521747e-04,  2.45644894e-06,
   1.04645661e-07,  1.40059115e-07,  1.75569735e-07,  4.94474265e-07,
   1.61856713e-07,  4.35079482e-07,  2.02999967e-07,  5.22185107e-07,
   6.28647276e-07,  5.42934481e-07,  8.63108707e-07,  7.80781322e-07,
   7.48066412e-07,  1.30411266e-06,  7.42830150e-07,  7.90105272e-07,
   1.05324653e-06,  5.69689742e-08],
 [ 1.57139608e-01,  1.51869928e-01,  1.47347602e-01,  1.43001081e-01,
   1.38719582e-01,  1.34529404e-01,  1.30475397e-01,  1.26583890e-01,
   1.22861106e-01,  1.19303711e-01,  1.15902465e-01,  1.12649879e-01,
   1.09538297e-01,  1.06560206e-01,  1.03706504e-01,  1.00974562e-01,
   9.83560620e-02,  9.58481937e-02,  9.34453532e-02,  9.08144490e-02,
   8.83598035e-02,  8.60059126e-02,  8.37448673e-02,  8.15744921e-02,
   7.94883999e-02,  7.74863051e-02,  7.55654438e-02,  7.37223372e-02,
   7.19623480e-02,  7.02851192e-02,  6.86979782e-02,  6.72120947e-02,
   6.58493332e-02,  6.46366677e-02,  6.36168932e-02,  6.28586150e-02,
   6.24613386e-02,  6.25655140e-02]])
hallprobe_slopes = np.array([[-2.79437336e-01, -2.53495995e-01, -2.28052916e-01, -2.05710515e-01,
  -1.86840311e-01, -1.71046806e-01, -1.57812170e-01, -1.46687661e-01,
  -1.37332414e-01, -1.29491284e-01, -1.22970430e-01, -1.17609169e-01,
  -1.13280626e-01, -1.09869510e-01, -1.07278671e-01, -1.05424051e-01,
  -1.04232005e-01, -1.03634082e-01, -1.03577400e-01,  4.30290709e-01,
   1.04960717e-01,  1.06231871e-01,  1.07858549e-01,  1.09798903e-01,
   1.12013062e-01,  1.14450423e-01,  1.17056973e-01,  1.19760980e-01,
   1.22475385e-01,  1.25082543e-01,  1.27437729e-01,  1.29356080e-01,
   1.30596324e-01,  1.30819023e-01,  1.29496714e-01,  1.25710685e-01,
   1.17879444e-01,  1.03549591e-01],
 [-4.28223212e-03, -4.96187404e-03, -4.81902931e-03, -4.51101732e-03,
  -4.25111299e-03, -4.07097570e-03, -3.94880388e-03, -3.86035125e-03,
  -3.79003625e-03, -3.73270590e-03, -3.68599286e-03, -3.64928722e-03,
  -3.62412127e-03, -3.60974208e-03, -3.60616617e-03, -3.61273600e-03,
  -3.62921923e-03, -3.65395257e-03, -8.06846099e-04,  2.45644894e-06,
   1.04645661e-07,  1.40059115e-07,  1.75569735e-07,  4.94474265e-07,
   1.61856713e-07,  4.35079482e-07,  2.02999967e-07,  5.22185107e-07,
   6.28647276e-07,  5.42934481e-07,  8.63108707e-07,  7.80781322e-07,
   7.48066412e-07,  1.30411266e-06,  7.42830150e-07,  7.90105272e-07,
   1.05324653e-06,  5.69689742e-08],
 [ 1.57139608e-01,  1.51869928e-01,  1.47347602e-01,  1.43001081e-01,
   1.38719582e-01,  1.34529404e-01,  1.30475397e-01,  1.26583890e-01,
   1.22861106e-01,  1.19303711e-01,  1.15902465e-01,  1.12649879e-01,
   1.09538297e-01,  1.06560206e-01,  1.03706504e-01,  1.00974562e-01,
   9.83560620e-02,  9.58481937e-02,  9.34453532e-02,  9.08144490e-02,
   8.83598035e-02,  8.60059126e-02,  8.37448673e-02,  8.15744921e-02,
   7.94883999e-02,  7.74863051e-02,  7.55654438e-02,  7.37223372e-02,
   7.19623480e-02,  7.02851192e-02,  6.86979782e-02,  6.72120947e-02,
   6.58493332e-02,  6.46366677e-02,  6.36168932e-02,  6.28586150e-02,
   6.24613386e-02,  6.25655140e-02]])
kw15_centers = np.array([[ -2.12092651,   0.        ,  65.99155266],
 [-15.655661  ,   0.        , 477.11632542],
 [ -2.22547705,   0.        ,  65.99155541],
 [ -1.84973785,   0.        ,  65.99156128]])
spec_centers = np.array([[  2.47506775,   0.        ,  66.47906803],
 [ 16.00979587,   0.        , 477.60393197],
 [  2.57961854,   0.        ,  66.47906684],
 [  2.20387916,   0.        ,  66.47906992]])
nextToPFC_centers = np.array([[  2.12093609,   0.        ,  66.5941503 ],
 [ 15.65566421,   0.        , 477.71901425],
 [  2.22548687,   0.        ,  66.59414912],
 [  1.8497475 ,   0.        ,  66.5941522 ]])
hallprobe_centers = np.array([[  1.90207069,   0.        ,  66.29286099],
 [ 15.43679881,   0.        , 477.41772494],
 [  2.00662147,   0.        ,  66.29285981],
 [  1.63088209,   0.        ,  66.29286289]])
kw15_slopes_centers = np.array([[1.17999393e+02, 4.57689408e-01, 9.32246735e+01],
 [8.37797613e+02, 2.19546267e+00, 6.71381615e+02],
 [1.23559527e+02, 4.71130652e-01, 9.32189887e+01],
 [1.03577211e+02, 4.22791005e-01, 9.32384298e+01]])
spec_slopes_centers = np.array([[-1.17999449e+02,  1.70190734e-01,  9.34597739e+01],
 [-8.37789175e+02, -1.55003293e+00,  6.73054936e+02],
 [-1.23559579e+02,  1.57095392e-01,  9.34655358e+01],
 [-1.03577400e+02,  2.04564185e-01,  9.34453532e+01]])
nextToPFC_slopes_centers = np.array([[-1.17999449e+02, -4.54895198e-01,  9.34597739e+01],
 [-8.37789175e+02, -2.17511886e+00,  6.73054936e+02],
 [-1.23559579e+02, -4.67990540e-01,  9.34655358e+01],
 [-1.03577400e+02, -4.20521747e-01,  9.34453532e+01]])
hallprobe_slopes_centers = np.array([[-1.17999449e+02, -8.41219550e-01,  9.34597739e+01],
 [-8.37789175e+02, -2.56144322e+00,  6.73054936e+02],
 [-1.23559579e+02, -8.54314892e-01,  9.34655358e+01],
 [-1.03577400e+02, -8.06846099e-01,  9.34453532e+01]])
