Filename = "i1q3_hires.npy" 
distFromOuterWall = 0.09
dir1 = "Toroidal"
dir2 = "Poloidal"
kw15 = np.array([-0.17453293, -0.15707963, -0.13962634, -0.12217305, -0.10471976,
 -0.08726646, -0.06981317, -0.05235988, -0.03490659, -0.01745329,
  0.        ,  0.01745329,  0.03490659,  0.05235988,  0.06981317,
  0.08726646,  0.10471976,  0.12217305,  0.13962634,  0.15707963,
  0.17453293])
spec = np.array([-0.17453293, -0.15707963, -0.13962634, -0.12217305, -0.10471976,
 -0.08726646, -0.06981317, -0.05235988, -0.03490659, -0.01745329,
  0.        ,  0.01745329,  0.03490659,  0.05235988,  0.06981317,
  0.08726646,  0.10471976,  0.12217305,  0.13962634,  0.15707963,
  0.17453293])
nextToPFC = np.array([-0.17453293, -0.15707963, -0.13962634, -0.12217305, -0.10471976,
 -0.08726646, -0.06981317, -0.05235988, -0.03490659, -0.01745329,
  0.        ,  0.01745329,  0.03490659,  0.05235988,  0.06981317,
  0.08726646,  0.10471976,  0.12217305,  0.13962634,  0.15707963,
  0.17453293])
hallprobe = np.array([-0.17453293, -0.15707963, -0.13962634, -0.12217305, -0.10471976,
 -0.08726646, -0.06981317, -0.05235988, -0.03490659, -0.01745329,
  0.        ,  0.01745329,  0.03490659,  0.05235988,  0.06981317,
  0.08726646,  0.10471976,  0.12217305,  0.13962634,  0.15707963,
  0.17453293])
kw15_slopes = np.array([[ 8.90629605e-04,  7.21758155e-04,  5.70524278e-04,  4.36974041e-04,
   3.21148126e-04,  2.23081812e-04,  1.42804974e-04,  8.03420629e-05,
   3.57121066e-05,  8.92869943e-06,  0.00000000e+00,  8.92872804e-06,
   3.57121638e-05,  8.03421487e-05,  1.42805088e-04,  2.23081955e-04,
   3.21148297e-04,  4.36974241e-04,  5.70524506e-04,  7.21758412e-04,
   8.90629890e-04],
 [-1.01799446e-02, -9.17080851e-03, -8.15887892e-03, -7.14446405e-03,
  -6.12787291e-03, -5.10941516e-03, -4.08940104e-03, -3.06814124e-03,
  -2.04594685e-03, -1.02312925e-03,  0.00000000e+00,  1.02312925e-03,
   2.04594685e-03,  3.06814124e-03,  4.08940104e-03,  5.10941517e-03,
   6.12787292e-03,  7.14446406e-03,  8.15887893e-03,  9.17080853e-03,
   1.01799446e-02]])
spec_slopes = np.array([[ 8.98045180e-04,  7.27768541e-04,  5.75276136e-04,  4.40614415e-04,
   3.23824398e-04,  2.24941661e-04,  1.43996323e-04,  8.10130416e-05,
   3.60110023e-05,  9.00391285e-06,  0.00000000e+00,  9.00200639e-06,
   3.60071899e-05,  8.10073246e-05,  1.43988703e-04,  2.24932140e-04,
   3.23812980e-04,  4.40601102e-04,  5.75260933e-04,  7.27751452e-04,
   8.98026211e-04],
 [-1.02645958e-02, -9.24706819e-03, -8.22672385e-03, -7.20387358e-03,
  -6.17882897e-03, -5.15190224e-03, -4.12340620e-03, -3.09365415e-03,
  -2.06295977e-03, -1.03163700e-03,  0.00000000e+00,  1.03163698e-03,
   2.06295970e-03,  3.09365400e-03,  4.12340594e-03,  5.15190182e-03,
   6.17882837e-03,  7.20387277e-03,  8.22672279e-03,  9.24706684e-03,
   1.02645941e-02]])
nextToPFC_slopes = np.array([[ 8.99793538e-04,  7.29185395e-04,  5.76396109e-04,  4.41472221e-04,
   3.24454831e-04,  2.25379583e-04,  1.44276657e-04,  8.11707579e-05,
   3.60811073e-05,  9.02144043e-06,  0.00000000e+00,  9.01953398e-06,
   3.60772949e-05,  8.11650408e-05,  1.44269037e-04,  2.25370063e-04,
   3.24443413e-04,  4.41458908e-04,  5.76380906e-04,  7.29168306e-04,
   8.99774570e-04],
 [-1.02845796e-02, -9.26507102e-03, -8.24274021e-03, -7.21789859e-03,
  -6.19085834e-03, -5.16193232e-03, -4.13143394e-03, -3.09967710e-03,
  -2.06697608e-03, -1.03364546e-03,  0.00000000e+00,  1.03364544e-03,
   2.06697601e-03,  3.09967695e-03,  4.13143367e-03,  5.16193190e-03,
   6.19085774e-03,  7.21789777e-03,  8.24273914e-03,  9.26506968e-03,
   1.02845780e-02]])
hallprobe_slopes = np.array([[ 8.95216277e-04,  7.25476023e-04,  5.73463982e-04,  4.39226456e-04,
   3.22804337e-04,  2.24233087e-04,  1.43542732e-04,  8.07578513e-05,
   3.58975700e-05,  8.97555261e-06,  0.00000000e+00,  8.97364616e-06,
   3.58937576e-05,  8.07521343e-05,  1.43535112e-04,  2.24223566e-04,
   3.22792918e-04,  4.39213143e-04,  5.73448779e-04,  7.25458935e-04,
   8.95197308e-04],
 [-1.02322613e-02, -9.21793899e-03, -8.20080884e-03, -7.18118066e-03,
  -6.15936503e-03, -5.13567322e-03, -4.11041706e-03, -3.08390883e-03,
  -2.05646124e-03, -1.02838724e-03,  0.00000000e+00,  1.02838722e-03,
   2.05646117e-03,  3.08390868e-03,  4.11041679e-03,  5.13567281e-03,
   6.15936443e-03,  7.18117984e-03,  8.20080777e-03,  9.21793765e-03,
   1.02322596e-02]])
Filename = "i1q3_hires.npy" 
distFromOuterWall = 0.19
dir1 = "Toroidal"
dir2 = "Poloidal"
kw15 = np.array([-0.17453293, -0.15707963, -0.13962634, -0.12217305, -0.10471976,
 -0.08726646, -0.06981317, -0.05235988, -0.03490659, -0.01745329,
  0.        ,  0.01745329,  0.03490659,  0.05235988,  0.06981317,
  0.08726646,  0.10471976,  0.12217305,  0.13962634,  0.15707963,
  0.17453293])
spec = np.array([-0.17453293, -0.15707963, -0.13962634, -0.12217305, -0.10471976,
 -0.08726646, -0.06981317, -0.05235988, -0.03490659, -0.01745329,
  0.        ,  0.01745329,  0.03490659,  0.05235988,  0.06981317,
  0.08726646,  0.10471976,  0.12217305,  0.13962634,  0.15707963,
  0.17453293])
nextToPFC = np.array([-0.17453293, -0.15707963, -0.13962634, -0.12217305, -0.10471976,
 -0.08726646, -0.06981317, -0.05235988, -0.03490659, -0.01745329,
  0.        ,  0.01745329,  0.03490659,  0.05235988,  0.06981317,
  0.08726646,  0.10471976,  0.12217305,  0.13962634,  0.15707963,
  0.17453293])
hallprobe = np.array([-0.17453293, -0.15707963, -0.13962634, -0.12217305, -0.10471976,
 -0.08726646, -0.06981317, -0.05235988, -0.03490659, -0.01745329,
  0.        ,  0.01745329,  0.03490659,  0.05235988,  0.06981317,
  0.08726646,  0.10471976,  0.12217305,  0.13962634,  0.15707963,
  0.17453293])
kw15_slopes = np.array([[ 1.00255997e-03,  8.12465520e-04,  6.42225254e-04,  4.91891026e-04,
   3.61508630e-04,  2.51117781e-04,  1.60752106e-04,  9.04391294e-05,
   4.02002708e-05,  1.00508331e-05,  0.00000000e+00,  1.00508331e-05,
   4.02002708e-05,  9.04391294e-05,  1.60752106e-04,  2.51117781e-04,
   3.61508630e-04,  4.91891026e-04,  6.42225254e-04,  8.12465520e-04,
   1.00255997e-03],
 [-1.14593129e-02, -1.03233532e-02, -9.18424902e-03, -8.04234719e-03,
  -6.89799559e-03, -5.75154279e-03, -4.60333801e-03, -3.45373101e-03,
  -2.30307197e-03, -1.15171140e-03,  0.00000000e+00,  1.15171140e-03,
   2.30307197e-03,  3.45373101e-03,  4.60333801e-03,  5.75154279e-03,
   6.89799559e-03,  8.04234719e-03,  9.18424902e-03,  1.03233532e-02,
   1.14593129e-02]])
spec_slopes = np.array([[ 1.00996642e-03,  8.18467643e-04,  6.46969720e-04,  4.95524892e-04,
   3.64179290e-04,  2.52972924e-04,  1.61939668e-04,  9.11072523e-05,
   4.04972520e-05,  1.01250841e-05,  0.00000000e+00,  1.01250841e-05,
   4.04972520e-05,  9.11072523e-05,  1.61939668e-04,  2.52972924e-04,
   3.64179290e-04,  4.95524892e-04,  6.46969720e-04,  8.18467643e-04,
   1.00996642e-03],
 [-1.15439690e-02, -1.03996174e-02, -9.25209805e-03, -8.10176037e-03,
  -6.94895482e-03, -5.79403255e-03, -4.63734536e-03, -3.47924560e-03,
  -2.32008602e-03, -1.16021971e-03,  0.00000000e+00,  1.16021971e-03,
   2.32008602e-03,  3.47924560e-03,  4.63734536e-03,  5.79403255e-03,
   6.94895482e-03,  8.10176037e-03,  9.25209805e-03,  1.03996174e-02,
   1.15439690e-02]])
nextToPFC_slopes = np.array([[ 1.01171478e-03,  8.19884497e-04,  6.48089693e-04,  4.96382698e-04,
   3.64809723e-04,  2.53410847e-04,  1.62220003e-04,  9.12649685e-05,
   4.05673571e-05,  1.01426116e-05,  0.00000000e+00,  1.01426116e-05,
   4.05673571e-05,  9.12649685e-05,  1.62220003e-04,  2.53410847e-04,
   3.64809723e-04,  4.96382698e-04,  6.48089693e-04,  8.19884497e-04,
   1.01171478e-03],
 [-1.15639528e-02, -1.04176203e-02, -9.26811440e-03, -8.11578537e-03,
  -6.96098419e-03, -5.80406263e-03, -4.64537310e-03, -3.48526854e-03,
  -2.32410233e-03, -1.16222818e-03,  0.00000000e+00,  1.16222818e-03,
   2.32410233e-03,  3.48526854e-03,  4.64537310e-03,  5.80406263e-03,
   6.96098419e-03,  8.11578537e-03,  9.26811440e-03,  1.04176203e-02,
   1.15639528e-02]])
hallprobe_slopes = np.array([[ 1.00713752e-03,  8.16175126e-04,  6.45157566e-04,  4.94136933e-04,
   3.63159229e-04,  2.52264350e-04,  1.61486078e-04,  9.08520620e-05,
   4.03838197e-05,  1.00967238e-05,  0.00000000e+00,  1.00967238e-05,
   4.03838197e-05,  9.08520620e-05,  1.61486078e-04,  2.52264350e-04,
   3.63159229e-04,  4.94136933e-04,  6.45157566e-04,  8.16175126e-04,
   1.00713752e-03],
 [-1.15116345e-02, -1.03704882e-02, -9.22618304e-03, -8.07906744e-03,
  -6.92949089e-03, -5.77780354e-03, -4.62435622e-03, -3.46950027e-03,
  -2.31358748e-03, -1.15696995e-03,  0.00000000e+00,  1.15696995e-03,
   2.31358748e-03,  3.46950027e-03,  4.62435622e-03,  5.77780354e-03,
   6.92949089e-03,  8.07906744e-03,  9.22618304e-03,  1.03704882e-02,
   1.15116345e-02]])
Filename = "i1q3_hires.npy" 
distFromOuterWall = 0.29
dir1 = "Toroidal"
dir2 = "Poloidal"
kw15 = np.array([-0.17453293, -0.15707963, -0.13962634, -0.12217305, -0.10471976,
 -0.08726646, -0.06981317, -0.05235988, -0.03490659, -0.01745329,
  0.        ,  0.01745329,  0.03490659,  0.05235988,  0.06981317,
  0.08726646,  0.10471976,  0.12217305,  0.13962634,  0.15707963,
  0.17453293])
spec = np.array([-0.17453293, -0.15707963, -0.13962634, -0.12217305, -0.10471976,
 -0.08726646, -0.06981317, -0.05235988, -0.03490659, -0.01745329,
  0.        ,  0.01745329,  0.03490659,  0.05235988,  0.06981317,
  0.08726646,  0.10471976,  0.12217305,  0.13962634,  0.15707963,
  0.17453293])
nextToPFC = np.array([-0.17453293, -0.15707963, -0.13962634, -0.12217305, -0.10471976,
 -0.08726646, -0.06981317, -0.05235988, -0.03490659, -0.01745329,
  0.        ,  0.01745329,  0.03490659,  0.05235988,  0.06981317,
  0.08726646,  0.10471976,  0.12217305,  0.13962634,  0.15707963,
  0.17453293])
hallprobe = np.array([-0.17453293, -0.15707963, -0.13962634, -0.12217305, -0.10471976,
 -0.08726646, -0.06981317, -0.05235988, -0.03490659, -0.01745329,
  0.        ,  0.01745329,  0.03490659,  0.05235988,  0.06981317,
  0.08726646,  0.10471976,  0.12217305,  0.13962634,  0.15707963,
  0.17453293])
kw15_slopes = np.array([[ 1.10142704e-03,  8.86642614e-04,  6.94989270e-04,  5.26525383e-04,
   3.81302271e-04,  2.59364168e-04,  1.60748218e-04,  8.54844607e-05,
   3.35958224e-05,  5.09810858e-06,  0.00000000e+00,  1.83030496e-05,
   6.00016820e-05,  1.25083195e-04,  2.13527766e-04,  3.25308451e-04,
   4.60391203e-04,  6.18734873e-04,  8.00291229e-04,  1.00500497e-03,
   1.23281373e-03],
 [-1.33344996e-02, -1.20131731e-02, -1.06880720e-02, -9.35959995e-03,
  -8.02816167e-03, -6.69416270e-03, -5.35800938e-03, -4.02010872e-03,
  -2.68086826e-03, -1.34069594e-03,  0.00000000e+00,  1.34081118e-03,
   2.68132918e-03,  4.02114565e-03,  5.35985248e-03,  6.69704189e-03,
   8.03230655e-03,  9.36523972e-03,  1.06954354e-02,  1.20224884e-02,
   1.33459944e-02]])
spec_slopes = np.array([[ 1.23477357e-03,  1.00649425e-03,  8.01370726e-04,  6.19465479e-04,
   4.60833918e-04,  3.25524365e-04,  2.13578035e-04,  1.25029029e-04,
   5.99043200e-05,  1.82237448e-05,  0.00000000e+00,  5.23863685e-06,
   3.39380596e-05,  8.60895260e-05,  1.61677150e-04,  2.60677908e-04,
   3.83061642e-04,  5.28791073e-04,  6.97821812e-04,  8.90102368e-04,
   1.10557417e-03],
 [-1.33808003e-02, -1.20538526e-02, -1.07233465e-02, -9.38968728e-03,
  -8.05328120e-03, -6.71453534e-03, -5.37385748e-03, -4.03165601e-03,
  -2.68833978e-03, -1.34431798e-03,  0.00000000e+00,  1.34420466e-03,
   2.68788654e-03,  4.03063635e-03,  5.37204506e-03,  6.71170408e-03,
   8.04920533e-03,  9.38414140e-03,  1.07161056e-02,  1.20446923e-02,
   1.33694968e-02]])
nextToPFC_slopes = np.array([[ 1.23760737e-03,  1.00888895e-03,  8.03360650e-04,  6.21085073e-04,
   4.62117744e-04,  3.26507086e-04,  2.14294408e-04,  1.25513890e-04,
   6.01925768e-05,  1.83503649e-05,  0.00000000e+00,  5.14707190e-06,
   3.37900127e-05,  8.59200976e-05,  1.61521447e-04,  2.60571032e-04,
   3.83038682e-04,  5.28887091e-04,  6.98071833e-04,  8.90541372e-04,
   1.10623708e-03],
 [-1.34008791e-02, -1.20719324e-02, -1.07394237e-02, -9.40375888e-03,
  -8.06534482e-03, -6.72458921e-03, -5.38190044e-03, -4.03768752e-03,
  -2.69235990e-03, -1.34632739e-03,  0.00000000e+00,  1.34621217e-03,
   2.69189905e-03,  4.03665072e-03,  5.38005757e-03,  6.72171038e-03,
   8.06120046e-03,  9.39811981e-03,  1.07320612e-02,  1.20626182e-02,
   1.33893856e-02]])
hallprobe_slopes = np.array([[ 1.23370096e-03,  1.00578393e-03,  8.00966183e-04,  6.19310119e-04,
   4.60871068e-04,  3.25697293e-04,  2.13829969e-04,  1.25303170e-04,
   6.01438648e-05,  1.83719000e-05,  0.00000000e+00,  5.03376118e-06,
   3.34716502e-05,  8.53050045e-05,  1.60518035e-04,  2.59087832e-04,
   3.80984369e-04,  5.26170515e-04,  6.94602047e-04,  8.86227656e-04,
   1.10098897e-03],
 [-1.33486194e-02, -1.20248479e-02, -1.06975299e-02, -9.36706974e-03,
  -8.03387268e-03, -6.69834481e-03, -5.36089297e-03, -4.02192455e-03,
  -2.68184741e-03, -1.34106976e-03,  0.00000000e+00,  1.34095336e-03,
   2.68138185e-03,  4.02087716e-03,  5.35903128e-03,  6.69543658e-03,
   8.02968599e-03,  9.36137308e-03,  1.06900922e-02,  1.20154386e-02,
   1.33370086e-02]])
Filename = "i1q3_hires.npy" 
distFromOuterWall = 0.29
dir1 = "Radial"
dir2 = "Poloidal"
kw15 = np.array([-0.17453293, -0.15707963, -0.13962634, -0.12217305, -0.10471976,
 -0.08726646, -0.06981317, -0.05235988, -0.03490659, -0.01745329,
  0.        ,  0.01745329,  0.03490659,  0.05235988,  0.06981317,
  0.08726646,  0.10471976,  0.12217305,  0.13962634,  0.15707963,
  0.17453293])
spec = np.array([-0.17453293, -0.15707963, -0.13962634, -0.12217305, -0.10471976,
 -0.08726646, -0.06981317, -0.05235988, -0.03490659, -0.01745329,
  0.        ,  0.01745329,  0.03490659,  0.05235988,  0.06981317,
  0.08726646,  0.10471976,  0.12217305,  0.13962634,  0.15707963,
  0.17453293])
nextToPFC = np.array([-0.17453293, -0.15707963, -0.13962634, -0.12217305, -0.10471976,
 -0.08726646, -0.06981317, -0.05235988, -0.03490659, -0.01745329,
  0.        ,  0.01745329,  0.03490659,  0.05235988,  0.06981317,
  0.08726646,  0.10471976,  0.12217305,  0.13962634,  0.15707963,
  0.17453293])
hallprobe = np.array([-0.17453293, -0.15707963, -0.13962634, -0.12217305, -0.10471976,
 -0.08726646, -0.06981317, -0.05235988, -0.03490659, -0.01745329,
  0.        ,  0.01745329,  0.03490659,  0.05235988,  0.06981317,
  0.08726646,  0.10471976,  0.12217305,  0.13962634,  0.15707963,
  0.17453293])
kw15_slopes = np.array([[ 9.54750946e-05,  7.14282686e-05,  5.05911666e-05,  3.29701357e-05,
   1.85705435e-05,  7.39677623e-06, -5.47762459e-07, -5.26065259e-06,
  -6.74045857e-06, -4.98672964e-06,  0.00000000e+00,  8.21821135e-06,
   1.96654011e-05,  3.43380822e-05,  5.22317853e-05,  7.33410598e-05,
   9.76594757e-05,  1.25179625e-04,  1.55893125e-04,  1.89790621e-04,
   2.26861786e-04],
 [-1.83641628e-03, -1.65489269e-03, -1.47274976e-03, -1.29004298e-03,
  -1.10682800e-03, -9.23160639e-04, -7.39096833e-04, -5.54692654e-04,
  -3.70004271e-04, -1.85087944e-04,  0.00000000e+00,  1.85203182e-04,
   3.70465187e-04,  5.55729583e-04,  7.40939936e-04,  9.26039829e-04,
   1.11097288e-03,  1.29568275e-03,  1.48011319e-03,  1.66420801e-03,
   1.84791113e-03]])
spec_slopes = np.array([[-9.11881659e-05, -6.80531330e-05, -4.80209696e-05, -3.10977780e-05,
  -1.72887129e-05, -6.59798088e-06,  9.71161682e-07,  5.41640911e-06,
   6.73640735e-06,  4.93075430e-06, -0.00000000e+00, -8.05435361e-06,
  -1.92298531e-05, -3.35230943e-05, -5.09297233e-05, -7.14444379e-05,
  -9.50609892e-05, -1.21772183e-04, -1.51569884e-04, -1.84445014e-04,
  -2.20387559e-04],
 [ 1.77501168e-03,  1.59956645e-03,  1.42352067e-03,  1.24692794e-03,
   1.06984208e-03,  8.92317003e-04,  7.14406802e-04,  5.36165668e-04,
   3.57647892e-04,  1.78907854e-04, -0.00000000e+00, -1.79021174e-04,
  -3.58101135e-04, -5.37185334e-04, -7.16219221e-04, -8.95148260e-04,
  -1.07391795e-03, -1.25247383e-03, -1.43076151e-03, -1.60872669e-03,
  -1.78631516e-03]])
nextToPFC_slopes = np.array([[-9.54827713e-05, -7.14352315e-05, -5.05974032e-05, -3.29756336e-05,
  -1.85752905e-05, -7.40076048e-06,  5.44552658e-07,  5.25822868e-06,
   6.73883175e-06,  4.98591087e-06, -0.00000000e+00, -8.21738211e-06,
  -1.96637324e-05, -3.43355641e-05, -5.22284081e-05, -7.33368141e-05,
  -9.76543522e-05, -1.25173615e-04, -1.55886220e-04, -1.89782812e-04,
  -2.26853065e-04],
 [ 1.83641103e-03,  1.65488789e-03,  1.47274544e-03,  1.29003914e-03,
   1.10682467e-03,  9.23157824e-04,  7.39094552e-04,  5.54690920e-04,
   3.70003101e-04,  1.85087352e-04, -0.00000000e+00, -1.85202575e-04,
  -3.70463959e-04, -5.55727720e-04, -7.40937424e-04, -9.26036655e-04,
  -1.11096903e-03, -1.29567821e-03, -1.48010795e-03, -1.66420205e-03,
  -1.84790444e-03]])
hallprobe_slopes = np.array([[-9.81369833e-05, -7.35254834e-05, -5.21897266e-05, -3.41362121e-05,
  -1.93704392e-05, -7.89690555e-06,  2.80893781e-07,  5.16046779e-06,
   6.74033012e-06,  5.01999951e-06, -0.00000000e+00, -8.31813927e-06,
  -1.99318845e-05, -3.48376981e-05, -5.30310395e-05, -7.45063669e-05,
  -9.92571387e-05, -1.27275816e-04, -1.58553863e-04, -1.93081753e-04,
  -2.30848968e-04],
 [ 1.87435792e-03,  1.68907842e-03,  1.50316802e-03,  1.31668333e-03,
   1.12968117e-03,  9.42218500e-04,  7.54352420e-04,  5.66140156e-04,
   3.77639040e-04,  1.88906491e-04, -0.00000000e+00, -1.89022892e-04,
  -3.78104605e-04, -5.67187545e-04, -7.56214113e-04, -9.45126732e-04,
  -1.13386786e-03, -1.32237999e-03, -1.51060572e-03, -1.69848770e-03,
  -1.88596871e-03]])
Filename = "i1q3_hires.npy" 
distFromOuterWall = 0.19
dir1 = "Radial"
dir2 = "Poloidal"
kw15 = np.array([-0.17453293, -0.15707963, -0.13962634, -0.12217305, -0.10471976,
 -0.08726646, -0.06981317, -0.05235988, -0.03490659, -0.01745329,
  0.        ,  0.01745329,  0.03490659,  0.05235988,  0.06981317,
  0.08726646,  0.10471976,  0.12217305,  0.13962634,  0.15707963,
  0.17453293])
spec = np.array([-0.17453293, -0.15707963, -0.13962634, -0.12217305, -0.10471976,
 -0.08726646, -0.06981317, -0.05235988, -0.03490659, -0.01745329,
  0.        ,  0.01745329,  0.03490659,  0.05235988,  0.06981317,
  0.08726646,  0.10471976,  0.12217305,  0.13962634,  0.15707963,
  0.17453293])
nextToPFC = np.array([-0.17453293, -0.15707963, -0.13962634, -0.12217305, -0.10471976,
 -0.08726646, -0.06981317, -0.05235988, -0.03490659, -0.01745329,
  0.        ,  0.01745329,  0.03490659,  0.05235988,  0.06981317,
  0.08726646,  0.10471976,  0.12217305,  0.13962634,  0.15707963,
  0.17453293])
hallprobe = np.array([-0.17453293, -0.15707963, -0.13962634, -0.12217305, -0.10471976,
 -0.08726646, -0.06981317, -0.05235988, -0.03490659, -0.01745329,
  0.        ,  0.01745329,  0.03490659,  0.05235988,  0.06981317,
  0.08726646,  0.10471976,  0.12217305,  0.13962634,  0.15707963,
  0.17453293])
kw15_slopes = np.array([[ 3.22266583e-05,  2.61161921e-05,  2.06439261e-05,  1.58115271e-05,
   1.16204671e-05,  8.07202282e-06,  5.16727513e-06,  2.90710882e-06,
   1.29221237e-06,  3.23077696e-07,  0.00000000e+00,  3.23077696e-07,
   1.29221237e-06,  2.90710882e-06,  5.16727513e-06,  8.07202282e-06,
   1.16204671e-05,  1.58115271e-05,  2.06439261e-05,  2.61161921e-05,
   3.22266583e-05],
 [-3.68352390e-04, -3.31837684e-04, -2.95221897e-04, -2.58516182e-04,
  -2.21731721e-04, -1.84879718e-04, -1.47971399e-04, -1.11018007e-04,
  -7.40307972e-05, -3.70210371e-05,  0.00000000e+00,  3.70210371e-05,
   7.40307972e-05,  1.11018007e-04,  1.47971399e-04,  1.84879718e-04,
   2.21731721e-04,  2.58516182e-04,  2.95221897e-04,  3.31837684e-04,
   3.68352390e-04]])
spec_slopes = np.array([[-3.76077046e-05, -3.04769433e-05, -2.40909456e-05, -1.84516568e-05,
  -1.35607946e-05, -9.41984883e-06, -6.03008089e-06, -3.39252331e-06,
  -1.50797953e-06, -3.77023594e-07,  0.00000000e+00, -3.77023594e-07,
  -1.50797953e-06, -3.39252331e-06, -6.03008089e-06, -9.41984883e-06,
  -1.35607946e-05, -1.84516568e-05, -2.40909456e-05, -3.04769433e-05,
  -3.76077046e-05],
 [ 4.29858030e-04,  3.87246281e-04,  3.44516573e-04,  3.01681921e-04,
   2.58755375e-04,  2.15750009e-04,  1.72678924e-04,  1.29555238e-04,
   8.63920895e-05,  4.32026247e-05,  0.00000000e+00, -4.32026247e-05,
  -8.63920895e-05, -1.29555238e-04, -1.72678924e-04, -2.15750009e-04,
  -2.58755375e-04, -3.01681921e-04, -3.44516573e-04, -3.87246281e-04,
  -4.29858030e-04]])
nextToPFC_slopes = np.array([[-3.22268108e-05, -2.61163157e-05, -2.06440238e-05, -1.58116019e-05,
  -1.16205221e-05, -8.07206103e-06, -5.16729958e-06, -2.90712258e-06,
  -1.29221849e-06, -3.23079225e-07,  0.00000000e+00, -3.23079225e-07,
  -1.29221849e-06, -2.90712258e-06, -5.16729958e-06, -8.07206103e-06,
  -1.16205221e-05, -1.58116019e-05, -2.06440238e-05, -2.61163157e-05,
  -3.22268108e-05],
 [ 3.68354134e-04,  3.31839254e-04,  2.95223294e-04,  2.58517406e-04,
   2.21732770e-04,  1.84880593e-04,  1.47972100e-04,  1.11018532e-04,
   7.40311476e-05,  3.70212123e-05,  0.00000000e+00, -3.70212123e-05,
  -7.40311476e-05, -1.11018532e-04, -1.47972100e-04, -1.84880593e-04,
  -2.21732770e-04, -2.58517406e-04, -2.95223294e-04, -3.31839254e-04,
  -3.68354134e-04]])
hallprobe_slopes = np.array([[-2.89012356e-05, -2.34212997e-05, -1.85137089e-05, -1.41799582e-05,
  -1.04213677e-05, -7.23908236e-06, -4.63407141e-06, -2.60712843e-06,
  -1.15887083e-06, -2.89739772e-07,  0.00000000e+00, -2.89739772e-07,
  -1.15887083e-06, -2.60712843e-06, -4.63407141e-06, -7.23908236e-06,
  -1.04213677e-05, -1.41799582e-05, -1.85137089e-05, -2.34212997e-05,
  -2.89012356e-05],
 [ 3.30342635e-04,  2.97595829e-04,  2.64758372e-04,  2.31840268e-04,
   1.98851542e-04,  1.65802245e-04,  1.32702443e-04,  9.95622178e-05,
   6.63916653e-05,  3.32008893e-05,  0.00000000e+00, -3.32008893e-05,
  -6.63916653e-05, -9.95622178e-05, -1.32702443e-04, -1.65802245e-04,
  -1.98851542e-04, -2.31840268e-04, -2.64758372e-04, -2.97595829e-04,
  -3.30342635e-04]])
Filename = "i1q3_hires.npy" 
distFromOuterWall = 0.09
dir1 = "Radial"
dir2 = "Poloidal"
kw15 = np.array([-0.17453293, -0.15707963, -0.13962634, -0.12217305, -0.10471976,
 -0.08726646, -0.06981317, -0.05235988, -0.03490659, -0.01745329,
  0.        ,  0.01745329,  0.03490659,  0.05235988,  0.06981317,
  0.08726646,  0.10471976,  0.12217305,  0.13962634,  0.15707963,
  0.17453293])
spec = np.array([-0.17453293, -0.15707963, -0.13962634, -0.12217305, -0.10471976,
 -0.08726646, -0.06981317, -0.05235988, -0.03490659, -0.01745329,
  0.        ,  0.01745329,  0.03490659,  0.05235988,  0.06981317,
  0.08726646,  0.10471976,  0.12217305,  0.13962634,  0.15707963,
  0.17453293])
nextToPFC = np.array([-0.17453293, -0.15707963, -0.13962634, -0.12217305, -0.10471976,
 -0.08726646, -0.06981317, -0.05235988, -0.03490659, -0.01745329,
  0.        ,  0.01745329,  0.03490659,  0.05235988,  0.06981317,
  0.08726646,  0.10471976,  0.12217305,  0.13962634,  0.15707963,
  0.17453293])
hallprobe = np.array([-0.17453293, -0.15707963, -0.13962634, -0.12217305, -0.10471976,
 -0.08726646, -0.06981317, -0.05235988, -0.03490659, -0.01745329,
  0.        ,  0.01745329,  0.03490659,  0.05235988,  0.06981317,
  0.08726646,  0.10471976,  0.12217305,  0.13962634,  0.15707963,
  0.17453293])
kw15_slopes = np.array([[ 2.04648967e-04,  1.65845657e-04,  1.31095113e-04,  1.00407919e-04,
   7.37934246e-05,  5.12597355e-05,  3.28137159e-05,  1.84609848e-05,
   8.20591408e-06,  2.05162760e-06,  0.00000000e+00,  2.05165622e-06,
   8.20597130e-06,  1.84610706e-05,  3.28138303e-05,  5.12598784e-05,
   7.37935960e-05,  1.00408119e-04,  1.31095341e-04,  1.65845914e-04,
   2.04649252e-04],
 [-2.33915001e-03, -2.10727049e-03, -1.87474908e-03, -1.64165660e-03,
  -1.40806405e-03, -1.17404260e-03, -9.39663515e-04, -7.04998203e-04,
  -4.70118141e-04, -2.35094877e-04,  0.00000000e+00,  2.35094877e-04,
   4.70118142e-04,  7.04998205e-04,  9.39663519e-04,  1.17404260e-03,
   1.40806406e-03,  1.64165661e-03,  1.87474910e-03,  2.10727051e-03,
   2.33915004e-03]])
spec_slopes = np.array([[-2.10020263e-04, -1.70197662e-04, -1.34534384e-04, -1.03041293e-04,
  -7.57279815e-05, -5.26027704e-05, -3.36727034e-05, -1.89435468e-05,
  -8.41978732e-06, -2.10463049e-06, -0.00000000e+00, -2.10653694e-06,
  -8.42359965e-06, -1.89492639e-05, -3.36803234e-05, -5.26122910e-05,
  -7.57393999e-05, -1.03054605e-04, -1.34549586e-04, -1.70214750e-04,
  -2.10039232e-04],
 [ 2.40065017e-03,  2.16267423e-03,  1.92403949e-03,  1.68481866e-03,
   1.44508460e-03,  1.20491034e-03,  9.64369035e-04,  7.23533955e-04,
   4.82478463e-04,  2.41275988e-04, -0.00000000e+00, -2.41276004e-04,
  -4.82478530e-04, -7.23534105e-04, -9.64369301e-04, -1.20491076e-03,
  -1.44508520e-03, -1.68481948e-03, -1.92404056e-03, -2.16267557e-03,
  -2.40065183e-03]])
nextToPFC_slopes = np.array([[-2.04639370e-04, -1.65837034e-04, -1.31087462e-04, -1.00401238e-04,
  -7.37877090e-05, -5.12549826e-05, -3.28099221e-05, -1.84581461e-05,
  -8.20402628e-06, -2.05068612e-06, -0.00000000e+00, -2.05259257e-06,
  -8.20783860e-06, -1.84638631e-05, -3.28175421e-05, -5.12645032e-05,
  -7.37991274e-05, -1.00414550e-04, -1.31102665e-04, -1.65854123e-04,
  -2.04658338e-04],
 [ 2.33914628e-03,  2.10726720e-03,  1.87474622e-03,  1.64165415e-03,
   1.40806200e-03,  1.17404093e-03,  9.39662211e-04,  7.04997249e-04,
   4.70117521e-04,  2.35094575e-04, -0.00000000e+00, -2.35094592e-04,
  -4.70117588e-04, -7.04997399e-04, -9.39662477e-04, -1.17404134e-03,
  -1.40806260e-03, -1.64165496e-03, -1.87474728e-03, -2.10726855e-03,
  -2.33914793e-03]])
hallprobe_slopes = np.array([[-2.01313794e-04, -1.63142018e-04, -1.28957147e-04, -9.87695940e-05,
  -7.25885546e-05, -5.04220039e-05, -3.22766939e-05, -1.81581520e-05,
  -8.07067862e-06, -2.01734667e-06, -0.00000000e+00, -2.01925312e-06,
  -8.07449094e-06, -1.81638690e-05, -3.22843139e-05, -5.04315245e-05,
  -7.25999730e-05, -9.87829066e-05, -1.28972350e-04, -1.63159107e-04,
  -2.01332763e-04],
 [ 2.30113478e-03,  2.07302377e-03,  1.84428129e-03,  1.61497701e-03,
   1.38518077e-03,  1.15496258e-03,  9.24392554e-04,  6.93540934e-04,
   4.62478039e-04,  2.31274252e-04, -0.00000000e+00, -2.31274269e-04,
  -4.62478106e-04, -6.93541084e-04, -9.24392820e-04, -1.15496299e-03,
  -1.38518137e-03, -1.61497782e-03, -1.84428236e-03, -2.07302512e-03,
  -2.30113644e-03]])
